1291382783.0 2
1292286006.0 1
1292698524.0 1
1293666314.0 1
1294016080.0 1
1295703534.0 1
1297853155.0 5
1298021046.0 4
1298128005.0 1
1298312895.0 3
1298497417.0 1
1298756011.0 1
1299007297.0 1
1299445982.0 1
1299867368.0 3
1300393391.0 1
1300797937.0 1
1301307673.0 3
1301421920.0 3
1301510367.0 5
1301630265.0 1
1301885642.0 2
1302165439.0 2
1302301047.0 2
1302454645.0 3
1302556067.0 11
1302642974.0 13
1302741378.0 7
1302832874.0 5
1302920883.0 3
1303013064.0 4
1303147674.0 2
1303245822.0 5
1303340606.0 3
1303517031.0 3
1303652330.0 2
1303754818.0 1
1303889299.0 2
1304008955.0 5
1304294238.0 1
1304396526.0 3
1304532783.0 3
1304703982.0 3
1305018137.0 3
1305119567.0 1
1305227463.0 4
1305313902.0 1
1305499928.0 1
1306128054.0 2
1306215519.0 5
1306492493.0 2
1306701210.0 1
1306846789.0 3
1307000651.0 2
1307609353.0 1
1307712373.0 5
1307868334.0 2
1308051628.0 3
1308148986.0 2
1308531700.0 2
1308646172.0 2
1308790452.0 3
1308878264.0 2
1308971983.0 1
1309113998.0 3
1309457965.0 2
1309598842.0 3
1309713484.0 6
1309811508.0 1
1310021884.0 3
1310219668.0 1
1310499167.0 2
1310600111.0 4
1311021944.0 1
1311149809.0 3
1311266525.0 2
1311370398.0 2
1311484994.0 1
1311606241.0 1
1311795097.0 1
1311894958.0 2
1312310437.0 1
1312561157.0 1
1312693706.0 2
1312801392.0 1
1313011004.0 1
1313125093.0 1
1313315083.0 2
1313428022.0 1
1313563213.0 1
1313662059.0 1
1313838170.0 2
1314248479.0 3
1314364619.0 1
1314468000.0 2
1314575446.0 1
1314955591.0 5
1315113681.0 4
1315339647.0 1
1315624961.0 1
1315800913.0 1
1315948852.0 1
1316085282.0 1
1316773628.0 1
1317008267.0 1
1317120756.0 2
1317238331.0 1
1317659513.0 2
1317935846.0 3
1318083453.0 4
1318214297.0 1
1318408805.0 1
1318511460.0 2
1318748387.0 1
1319014064.0 1
1319191149.0 1
1319281966.0 2
1319386436.0 1
1319474686.0 2
1319580217.0 2
1319752917.0 2
1319999414.0 3
1320129250.0 2
1320335831.0 2
1320446046.0 2
1320537980.0 2
1320661697.0 1
1320758466.0 3
1320848047.0 5
1320971461.0 1
1321214636.0 4
1321316662.0 2
1321485396.0 3
1321632759.0 1
1321791474.0 1
1321911312.0 2
1322099821.0 1
1322196857.0 2
1322333903.0 1
1322443715.0 4
1322540273.0 1
1322679019.0 4
1322769031.0 2
1322913346.0 2
1323140756.0 5
1323342332.0 3
1323455291.0 2
1323551105.0 1
1323722639.0 3
1323819826.0 3
1323964279.0 2
1324126648.0 1
1324220503.0 2
1324319856.0 1
1324438790.0 1
1324787658.0 2
1324892033.0 2
1325230633.0 1
1325362407.0 1
1325509937.0 3
1325606659.0 1
1325745002.0 1
1325873140.0 1
1326030197.0 2
1326119290.0 1
1326288530.0 2
1326500609.0 3
1326588583.0 4
1326751117.0 4
1326876774.0 2
1327004130.0 2
1327164779.0 3
1327280796.0 2
1327420032.0 1
1327707804.0 3
1327964504.0 1
1328091676.0 3
1328215208.0 2
1328314403.0 1
1328407735.0 4
1328606096.0 1
1328692783.0 2
1328796841.0 1
1328898657.0 2
1329174125.0 3
1329301912.0 2
1329392813.0 4
1329661110.0 2
1329748190.0 2
1329909411.0 2
1330014740.0 7
1330113864.0 2
1330356137.0 5
1330446928.0 4
1330718479.0 1
1330807186.0 5
1330915295.0 8
1331236767.0 1
1331368561.0 2
1331470928.0 3
1331630387.0 3
1331741861.0 2
1331975119.0 9
1332176898.0 2
1332263537.0 2
1332405970.0 3
1332516205.0 3
1332635208.0 1
1332770472.0 2
1332938420.0 2
1333033514.0 1
1333186947.0 1
1333291223.0 1
1333389411.0 7
1333550393.0 2
1333803502.0 4
1334036698.0 2
1334247257.0 1
1334364903.0 2
1334565454.0 4
1334671765.0 3
1334820639.0 2
1334916444.0 2
1335067028.0 2
1335186680.0 4
1335286090.0 2
1335377274.0 3
1335479510.0 4
1335581724.0 6
1335793013.0 5
1336044635.0 1
1336132744.0 3
1336368249.0 3
1336545008.0 3
1336767517.0 5
1336879662.0 2
1336988377.0 3
1337152657.0 1
1337274476.0 1
1337424693.0 2
1337576901.0 2
1337692545.0 4
1337826509.0 2
1338217961.0 1
1338446513.0 1
1338549669.0 1
1338640818.0 1
1338835529.0 3
1338978746.0 3
1339188117.0 1
1339281307.0 1
1339412867.0 2
1339691074.0 3
1339858573.0 3
1340029174.0 1
1340257331.0 3
1340454981.0 3
1340624397.0 2
1340858948.0 3
1340946487.0 3
1341070907.0 5
1341192727.0 4
1341318800.0 3
1341441217.0 2
1341573499.0 2
1341664319.0 2
1341772722.0 1
1341903457.0 2
1342006593.0 4
1342184184.0 3
1342273121.0 4
1342444168.0 6
1342703490.0 2
1342940448.0 5
1343049164.0 2
1343156832.0 1
1343399205.0 1
1343514530.0 3
1343605444.0 2
1343698431.0 1
1343840181.0 3
1344177115.0 2
1344278919.0 3
1344367174.0 4
1344547844.0 2
1344679220.0 1
1344843078.0 3
1345027866.0 1
1345379219.0 5
1345647525.0 4
1345744821.0 2
1345852308.0 1
1345963277.0 1
1346108602.0 2
1346233792.0 2
1346320230.0 3
1346419900.0 1
1346510755.0 1
1346643718.0 2
1346771871.0 2
1346903695.0 1
1346996895.0 5
1347114944.0 2
1347251532.0 4
1347360791.0 1
1347458413.0 3
1347708411.0 1
1347806868.0 1
1347901198.0 2
1348010146.0 6
1348107824.0 4
1348224265.0 3
1348417082.0 1
1348518344.0 4
1348639977.0 2
1349121494.0 2
1349432295.0 1
1349658027.0 2
1349764884.0 2
1349864211.0 9
1350017037.0 4
1350160748.0 2
1350256479.0 6
1350359304.0 4
1350451733.0 3
1350579961.0 2
1350702725.0 4
1350798538.0 2
1350896415.0 4
1350986917.0 2
1351122725.0 4
1351211316.0 1
1351341667.0 1
1351452028.0 2
1351552976.0 3
1351641408.0 4
1351737756.0 6
1351870436.0 7
1351956846.0 4
1352128773.0 6
1352287870.0 3
1352375222.0 1
1352480439.0 4
1352655378.0 1
1352797174.0 1
1352917874.0 4
1353165341.0 3
1353256324.0 3
1353345396.0 5
1353466242.0 4
1353554665.0 3
1353663599.0 2
1353754546.0 5
1353841502.0 4
1353942485.0 1
1354044422.0 6
1354141923.0 1
1354251047.0 4
1354348675.0 3
1354474485.0 3
1354613064.0 3
1354783576.0 4
1354883925.0 5
1355026253.0 2
1355149662.0 1
1355288073.0 1
1355401668.0 1
1355583822.0 4
1355713787.0 3
1355830761.0 6
1355935463.0 7
1356061754.0 3
1356239922.0 4
1356358161.0 3
1356469544.0 10
1356559314.0 4
1356656660.0 3
1356795941.0 4
1356939213.0 6
1357033586.0 5
1357142023.0 6
1357237962.0 5
1357341589.0 3
1357466580.0 5
1357590056.0 4
1357714987.0 2
1357821391.0 11
1357926771.0 2
1358084731.0 4
1358186307.0 6
1358277528.0 3
1358414175.0 1
1358516755.0 3
1358644354.0 6
1358737331.0 1
1358855405.0 5
1358944999.0 2
1359035623.0 3
1359161949.0 3
1359280169.0 3
1359409912.0 1
1359549519.0 7
1359644433.0 7
1359745009.0 6
1359841336.0 5
1359982179.0 4
1360082379.0 4
1360224454.0 8
1360355953.0 7
1360455865.0 5
1360603955.0 3
1360710682.0 14
1360798624.0 4
1360942134.0 6
1361052871.0 6
1361196288.0 2
1361299232.0 5
1361457038.0 1
1361548631.0 6
1361639907.0 4
1361737229.0 2
1361828229.0 4
1361930390.0 4
1362021695.0 6
1362123289.0 8
1362242083.0 3
1362331285.0 6
1362443594.0 7
1362534336.0 1
1362636593.0 2
1362753201.0 6
1362840700.0 6
1362931589.0 5
1363027313.0 4
1363161583.0 5
1363248644.0 3
1363340919.0 5
1363464721.0 8
1363611161.0 13
1363697972.0 5
1363878783.0 2
1363979606.0 3
1364073076.0 3
1364159520.0 5
1364311884.0 3
1364408958.0 2
1364699494.0 2
1364791290.0 2
1364908841.0 5
1365024879.0 5
1365173100.0 7
1365318248.0 3
1365446874.0 8
1365567555.0 5
1365750184.0 4
1365880009.0 3
1365972264.0 3
1366075188.0 12
1366169357.0 5
1366273923.0 3
1366391463.0 3
1366491565.0 4
1366641531.0 6
1366810829.0 7
1366972933.0 5
1367067309.0 5
1367169242.0 1
1367256006.0 5
1367351643.0 3
1367447186.0 3
1367576572.0 3
1367688300.0 5
1367776296.0 3
1367904017.0 4
1367997753.0 16
1368111234.0 3
1368256439.0 3
1368374845.0 2
1368500426.0 3
1368612384.0 2
1368699856.0 9
1368786541.0 6
1368893894.0 13
1368981313.0 12
1369070014.0 9
1369163573.0 5
1369264375.0 5
1369370066.0 9
1369463031.0 5
1369556072.0 4
1369662607.0 6
1369750863.0 6
1369856629.0 6
1369982276.0 13
1370075040.0 8
1370201225.0 8
1370293237.0 10
1370407542.0 4
1370500015.0 12
1370598726.0 4
1370781537.0 8
1370879331.0 7
1370974483.0 3
1371070555.0 3
1371187675.0 3
1371287202.0 4
1371389532.0 4
1371498791.0 5
1371607652.0 4
1371699371.0 4
1371922445.0 3
1372039548.0 4
1372172212.0 2
1372292363.0 6
1372417299.0 5
1372517472.0 4
1372619457.0 3
1372779888.0 2
1372870182.0 1
1372967964.0 6
1373059345.0 4
1373151596.0 5
1373264452.0 3
1373368434.0 3
1373487786.0 4
1373595106.0 5
1373766451.0 4
1373879817.0 4
1373984199.0 2
1374077932.0 5
1374167133.0 4
1374279295.0 3
1374369363.0 2
1374505429.0 5
1374655463.0 8
1374753420.0 4
1374847493.0 2
1374937637.0 3
1375029201.0 4
1375178172.0 3
1375328775.0 8
1375434806.0 3
1375524924.0 6
1375625985.0 3
1375795506.0 1
1375883447.0 6
1375973753.0 4
1376122506.0 4
1376210126.0 7
1376315969.0 3
1376435198.0 3
1376622674.0 6
1376839230.0 6
1376985395.0 5
1377097916.0 2
1377198117.0 1
1377395802.0 3
1377513472.0 6
1377602021.0 3
1377692654.0 5
1377814525.0 3
1377932247.0 3
1378048371.0 1
1378196325.0 8
1378355416.0 8
1378478780.0 3
1378587742.0 2
1378699751.0 5
1378818169.0 4
1378909771.0 6
1378998160.0 7
1379092182.0 5
1379180705.0 8
1379307118.0 5
1379447633.0 9
1379539740.0 4
1379644458.0 8
1379768592.0 4
1379858973.0 20
1379959990.0 2
1380049576.0 1
1380144096.0 5
1380233658.0 5
1380338385.0 7
1380464543.0 6
1380557455.0 3
1380648955.0 5
1380739318.0 1
1380838403.0 4
1380969632.0 6
1381077445.0 4
1381175833.0 7
1381287175.0 9
1381407036.0 4
1381516053.0 5
1381657964.0 10
1381749928.0 7
1381953051.0 13
1382049246.0 3
1382157175.0 7
1382259733.0 8
1382354506.0 7
1382470304.0 6
1382577515.0 3
1382696478.0 4
1382798039.0 9
1382890554.0 15
1382980160.0 3
1383098234.0 4
1383209275.0 3
1383322027.0 6
1383479614.0 6
1383567085.0 3
1383681995.0 8
1383788511.0 3
1383899975.0 4
1384001722.0 6
1384096245.0 6
1384191600.0 5
1384302092.0 5
1384437189.0 3
1384547358.0 6
1384637131.0 10
1384759400.0 7
1384868999.0 5
1384967129.0 9
1385054079.0 10
1385166368.0 6
1385304940.0 5
1385410278.0 6
1385505941.0 5
1385595066.0 12
1385696874.0 8
1385807036.0 8
1385917787.0 10
1386027349.0 10
1386162081.0 6
1386255633.0 12
1386373209.0 4
1386522532.0 4
1386618980.0 5
1386711431.0 8
1386804036.0 7
1386924882.0 8
1387041217.0 5
1387131854.0 6
1387225056.0 5
1387314811.0 3
1387403033.0 7
1387637232.0 5
1387825528.0 5
1387935564.0 4
1388074024.0 5
1388165304.0 12
1388251790.0 9
1388362111.0 4
1388454019.0 4
1388586485.0 5
1388691381.0 7
1388779028.0 6
1388888426.0 3
1389002528.0 9
1389100037.0 6
1389187100.0 8
1389288039.0 5
1389374663.0 9
1389473417.0 6
1389578945.0 5
1389685564.0 4
1389784266.0 5
1389882497.0 8
1389985896.0 5
1390131450.0 8
1390237074.0 4
1390336484.0 6
1390475306.0 5
1390623436.0 5
1390740485.0 8
1390834022.0 11
1390924136.0 12
1391013390.0 8
1391158414.0 8
1391250233.0 7
1391341484.0 6
1391431937.0 9
1391538366.0 7
1391624965.0 11
1391717175.0 3
1391808879.0 4
1391899662.0 7
1392025901.0 11
1392121906.0 5
1392222723.0 9
1392322336.0 6
1392409244.0 7
1392497730.0 6
1392600624.0 7
1392695441.0 8
1392816735.0 5
1392911436.0 7
1392999060.0 6
1393085586.0 4
1393182939.0 6
1393275461.0 8
1393387901.0 34
1393476408.0 8
1393566812.0 17
1393691971.0 5
1393785068.0 8
1393889577.0 7
1393976572.0 11
1394073245.0 6
1394164192.0 5
1394281873.0 8
1394371444.0 4
1394459404.0 8
1394546824.0 10
1394654852.0 6
1394743920.0 9
1394838419.0 4
1394954805.0 9
1395057778.0 7
1395169120.0 13
1395257133.0 11
1395360206.0 9
1395489722.0 5
1395580033.0 5
1395683014.0 10
1395809403.0 7
1395903301.0 12
1396002162.0 5
1396092680.0 6
1396179597.0 7
1396275024.0 10
1396363392.0 5
1396457152.0 5
1396572103.0 6
1396661664.0 8
1396766389.0 9
1396867401.0 9
1396959100.0 8
1397045784.0 10
1397135497.0 2
1397228147.0 5
1397369997.0 6
1397463614.0 6
1397550560.0 7
1397637732.0 4
1397807505.0 11
1397895444.0 4
1398000411.0 4
1398092637.0 10
1398238575.0 10
1398333758.0 11
1398436951.0 6
1398525033.0 7
1398619583.0 7
1398712827.0 2
1398803171.0 10
1398914724.0 11
1399013587.0 7
1399105686.0 7
1399194884.0 5
1399297962.0 6
1399385566.0 7
1399483668.0 12
1399602177.0 6
1399690420.0 7
1399784835.0 10
1399872323.0 7
1399977361.0 9
1400066666.0 7
1400156326.0 4
1400281825.0 10
1400405926.0 9
1400522011.0 9
1400615432.0 1
1400713992.0 6
1400844114.0 3
1400936033.0 5
1401108790.0 3
1401197161.0 20
1401284265.0 4
1401370880.0 5
1401472584.0 6
1401567893.0 7
1401665697.0 8
1401757077.0 10
1401851318.0 8
1401944306.0 7
1402060898.0 2
1402204846.0 4
1402292237.0 6
1402381438.0 10
1402477303.0 8
1402569094.0 6
1402669784.0 5
1402757483.0 2
1402881620.0 5
1402988622.0 2
1403075407.0 5
1403285501.0 2
1403456088.0 2
1403571826.0 3
1403675048.0 5
1403773696.0 4
1403868739.0 7
1403959028.0 3
1404048990.0 7
1404144734.0 9
1404247852.0 5
1404336107.0 8
1404445325.0 5
1404659463.0 4
1404749480.0 4
1404855916.0 11
1404976242.0 3
1405064075.0 8
1405167178.0 4
1405259530.0 3
1405346564.0 6
1405440804.0 4
1405534108.0 16
1405627580.0 4
1405716927.0 3
1405825192.0 3
1405914035.0 10
1406007291.0 2
1406114526.0 8
1406201601.0 6
1406309492.0 6
1406400618.0 3
1406503235.0 11
1406619295.0 18
1406711196.0 24
1406843595.0 7
1406987897.0 6
1407075011.0 5
1407209131.0 8
1407296129.0 8
1407411455.0 3
1407499122.0 5
1407587156.0 3
1407702696.0 4
1407797363.0 9
1407888704.0 7
1408016187.0 8
1408110103.0 3
1408218561.0 3
1408306229.0 5
1408395101.0 4
1408528251.0 9
1408616124.0 5
1408722651.0 5
1408893270.0 4
1408980177.0 10
1409121348.0 6
1409235432.0 8
1409351113.0 8
1409454287.0 3
1409577639.0 4
1409692037.0 6
1409781723.0 5
1409877199.0 3
1410013453.0 5
1410111126.0 5
1410224354.0 9
1410315826.0 5
1410410511.0 11
1410497241.0 33
1410585790.0 11
1410672767.0 23
1410764576.0 103
1410853659.0 86
1410942139.0 10
1411029483.0 6
1411120025.0 6
1411221376.0 8
1411316520.0 12
1411403732.0 12
1411502737.0 13
1411623614.0 8
1411713902.0 6
1411829460.0 11
1411916788.0 5
1412013760.0 5
1412102898.0 11
1412207630.0 8
1412309711.0 11
1412406370.0 11
1412507089.0 8
1412604681.0 9
1412700015.0 15
1412787388.0 11
1412874089.0 14
1412963837.0 9
1413059422.0 9
1413182315.0 10
1413269417.0 14
1413358083.0 7
1413448734.0 12
1413550435.0 10
1413638250.0 11
1413727563.0 11
1413818098.0 8
1413911730.0 8
1413999799.0 7
1414098564.0 9
1414201327.0 13
1414307962.0 9
1414395050.0 16
1414522405.0 15
1414616529.0 13
1414704321.0 9
1414797964.0 11
1414910492.0 6
1414998490.0 16
1415090115.0 32
1415178753.0 14
1415273835.0 18
1415367297.0 9
1415460437.0 13
1415547403.0 15
1415634323.0 12
1415721288.0 35
1415811211.0 13
1415899159.0 16
1415987106.0 21
1416087238.0 20
1416173968.0 20
1416261848.0 20
1416380034.0 13
1416472839.0 16
1416564186.0 11
1416651900.0 27
1416738670.0 16
1416833292.0 13
1416923596.0 29
1417012485.0 21
1417118548.0 25
1417205766.0 17
1417292398.0 14
1417379522.0 18
1417467921.0 18
1417554349.0 25
1417652386.0 20
1417740971.0 25
1417827968.0 12
1417915927.0 17
1418005295.0 31
1418094557.0 19
1418192638.0 17
1418287672.0 26
1418375335.0 24
1418466241.0 19
1418557292.0 30
1418660648.0 24
1418748960.0 28
1418836606.0 20
1418928345.0 25
1419016838.0 23
1419104332.0 23
1419196480.0 18
1419286280.0 23
1419372873.0 18
1419459985.0 20
1419551375.0 16
1419638279.0 25
1419737236.0 19
1419835317.0 22
1419921731.0 18
1420011053.0 12
1420104791.0 17
1420191820.0 18
1420282580.0 17
1420369331.0 15
1420456682.0 21
1420548481.0 21
1420635043.0 33
1420723183.0 29
1420810367.0 17
1420898426.0 29
1420989684.0 45
1421076616.0 39
1421164152.0 37
1421253636.0 20
1421341475.0 40
1421433734.0 28
1421521260.0 34
1421608416.0 40
1421696713.0 28
1421783962.0 46
1421871674.0 20
1421958790.0 29
1422045530.0 26
1422135380.0 28
1422224272.0 32
1422322131.0 26
1422410076.0 31
1422507365.0 36
1422600388.0 21
1422688013.0 28
1422781321.0 38
1422872745.0 25
1422961329.0 36
1423048892.0 31
1423143040.0 30
1423230030.0 21
1423319853.0 32
1423406973.0 36
1423497320.0 42
1423583833.0 24
1423670787.0 36
1423758922.0 30
1423845573.0 25
1423935833.0 25
1424024039.0 25
1424113759.0 29
1424202842.0 43
1424290204.0 38
1424377885.0 30
1424467155.0 25
1424554599.0 27
1424642386.0 33
1424729159.0 21
1424816864.0 43
1424908401.0 46
1424997836.0 53
1425086220.0 24
1425173082.0 34
1425261029.0 30
1425347866.0 34
1425440737.0 23
1425528165.0 50
1425621433.0 62
1425711136.0 28
1425802512.0 22
1425889879.0 27
1425977113.0 21
1426064280.0 31
1426152399.0 30
1426241190.0 33
1426329180.0 23
1426415684.0 34
1426509653.0 35
1426601883.0 43
1426690764.0 39
1426777277.0 36
1426865040.0 29
1426951602.0 25
1427038892.0 30
1427125772.0 24
1427213322.0 32
1427300449.0 32
1427389119.0 29
1427482380.0 26
1427571943.0 41
1427676872.0 34
1427766521.0 51
1427852985.0 37
1427943630.0 29
1428037890.0 47
1428125041.0 39
1428218247.0 29
1428305311.0 36
1428392751.0 40
1428483405.0 49
1428580800.0 29
1428667603.0 39
1428755924.0 39
1428843664.0 35
1428933986.0 51
1429027677.0 46
1429114336.0 25
1429202842.0 31
1429290977.0 32
1429389091.0 49
1429477535.0 38
1429564214.0 36
1429653027.0 39
1429739745.0 44
1429838174.0 31
1429927377.0 57
1430017155.0 62
1430111698.0 33
1430202607.0 33
1430291389.0 28
1430379247.0 40
1430467276.0 48
1430557333.0 24
1430645404.0 50
1430733660.0 34
1430821942.0 49
1430910186.0 28
1430997462.0 39
1431084117.0 27
1431170842.0 28
1431259374.0 23
1431348901.0 33
1431437721.0 34
1431525332.0 34
1431611941.0 53
1431700410.0 25
1431787812.0 67
1431874706.0 33
1431961315.0 63
1432048574.0 51
1432135351.0 40
1432223142.0 43
1432311158.0 29
1432398751.0 34
1432485809.0 34
1432573860.0 35
1432661250.0 52
1432749206.0 47
1432847428.0 31
1432934019.0 35
1433022829.0 45
1433119141.0 35
1433210294.0 59
1433298875.0 33
1433390063.0 36
1433478788.0 227
1433566779.0 29
1433657860.0 24
1433746993.0 62
1433835527.0 35
1433926469.0 35
1434014824.0 37
1434101620.0 39
1434188185.0 46
1434277861.0 35
1434364418.0 63
1434454491.0 32
1434544050.0 37
1434631751.0 38
1434718531.0 35
1434805877.0 36
1434893555.0 37
1434982998.0 39
1435071083.0 53
1435158505.0 52
1435251791.0 46
1435340611.0 38
1435427513.0 32
1435515695.0 42
1435602422.0 102
1435694800.0 42
1435783998.0 40
1435874936.0 46
1435963923.0 21
1436061493.0 33
1436155081.0 56
1436245101.0 38
1436331946.0 40
1436419596.0 26
1436517050.0 41
1436603796.0 36
1436690507.0 37
1436778306.0 32
1436866257.0 46
1436953237.0 69
1437045523.0 42
1437132925.0 27
1437219429.0 28
1437310493.0 29
1437397315.0 41
1437485042.0 40
1437572287.0 78
1437658880.0 43
1437749372.0 44
1437840467.0 33
1437927556.0 33
1438014620.0 40
1438104341.0 35
1438192384.0 98
1438281156.0 33
1438369648.0 37
1438467141.0 37
1438556446.0 34
1438644628.0 40
1438732751.0 44
1438820486.0 105
1438909846.0 24
1438998694.0 112
1439086940.0 17
1439179771.0 33
1439267904.0 48
1439355625.0 103
1439442114.0 56
1439532145.0 33
1439620077.0 33
1439707856.0 37
1439796870.0 39
1439883301.0 37
1439971678.0 33
1440062635.0 54
1440151539.0 39
1440239977.0 43
1440328260.0 50
1440415330.0 46
1440502495.0 36
1440589216.0 64
1440676839.0 28
1440765002.0 68
1440855375.0 47
1440945057.0 40
1441031716.0 38
1441120010.0 49
1441213112.0 50
1441300082.0 39
1441386865.0 41
1441473947.0 30
1441563264.0 29
1441653571.0 51
1441743222.0 39
1441831459.0 43
1441918186.0 33
1442011814.0 37
1442100455.0 29
1442189039.0 48
1442278985.0 46
1442367563.0 47
1442455078.0 97
1442545208.0 76
1442638098.0 57
1442724628.0 50
1442813338.0 42
1442899887.0 57
1442987482.0 61
1443075220.0 35
1443162431.0 48
1443254174.0 62
1443341350.0 34
1443429968.0 58
1443517797.0 82
1443614873.0 53
1443701648.0 42
1443788126.0 57
1443875561.0 58
1443965280.0 40
1444051910.0 48
1444138858.0 66
1444230092.0 51
1444317230.0 60
1444405040.0 45
1444493357.0 62
1444580151.0 40
1444667719.0 60
1444761462.0 93
1444848196.0 39
1444935363.0 64
1445023024.0 49
1445111688.0 37
1445198384.0 66
1445286640.0 41
1445373553.0 66
1445461319.0 64
1445550847.0 55
1445638607.0 68
1445725132.0 66
1445816829.0 64
1445903395.0 90
1445989827.0 59
1446079086.0 51
1446166705.0 68
1446253536.0 58
1446340937.0 55
1446432973.0 55
1446519983.0 72
1446613685.0 64
1446701975.0 53
1446789477.0 38
1446878562.0 68
1446965510.0 68
1447055858.0 54
1447143457.0 73
1447230061.0 60
1447317690.0 87
1447404479.0 59
1447491649.0 56
1447581422.0 63
1447668388.0 98
1447755805.0 67
1447842431.0 113
1447930516.0 77
1448020318.0 93
1448110010.0 53
1448196820.0 60
1448285078.0 54
1448372695.0 108
1448459754.0 92
1448550374.0 68
1448637145.0 78
1448728193.0 76
1448815484.0 73
1448902966.0 80
1448989648.0 70
1449076083.0 88
1449163648.0 167
1449251652.0 69
1449338950.0 75
1449425608.0 67
1449513482.0 100
1449600653.0 60
1449687062.0 93
1449774063.0 78
1449860680.0 62
1449947213.0 56
1450035013.0 80
1450121775.0 85
1450208593.0 64
1450295181.0 56
1450382788.0 58
1450469327.0 80
1450556589.0 91
1450643673.0 59
1450731088.0 93
1450819776.0 81
1450909204.0 44
1450999951.0 52
1451091514.0 57
1451182091.0 60
1451268608.0 94
1451356578.0 86
1451443441.0 78
1451535478.0 56
1451623409.0 45
1451711319.0 50
1451800185.0 58
1451887415.0 80
1451977578.0 110
1452065231.0 103
1452152614.0 72
1452239773.0 78
1452327526.0 70
1452414684.0 91
1452501341.0 85
1452588399.0 106
1452676701.0 101
1452764239.0 76
1452850866.0 74
1452937435.0 66
1453024553.0 90
1453111354.0 77
1453198319.0 67
1453284845.0 161
1453371629.0 81
1453459119.0 75
1453548742.0 51
1453635895.0 87
1453722799.0 85
1453813342.0 82
1453900425.0 83
1453988806.0 79
1454076113.0 109
1454162585.0 85
1454250754.0 71
1454337583.0 92
1454424306.0 130
1454520284.0 89
1454609453.0 65
1454697149.0 63
1454784676.0 80
1454871127.0 73
1454958190.0 106
1455044822.0 82
1455131829.0 139
1455221778.0 70
1455311989.0 72
1455398804.0 73
1455492161.0 95
1455578954.0 96
1455665668.0 94
1455753568.0 70
1455843811.0 105
1455930338.0 110
1456016822.0 100
1456107136.0 105
1456196594.0 80
1456283296.0 71
1456375396.0 90
1456462830.0 77
1456550774.0 84
1456638368.0 66
1456725019.0 97
1456812218.0 107
1456901712.0 102
1456990360.0 96
1457076771.0 81
1457163515.0 79
1457251244.0 73
1457338571.0 67
1457425409.0 89
1457512070.0 92
1457599881.0 114
1457686431.0 94
1457772878.0 89
1457862632.0 96
1457949425.0 74
1458036574.0 195
