0.121817 52.205337
-0.1277583 51.5073509
-0.1277583 51.5073509
-0.1277583 51.5073509
-0.1277583 51.5073509
-0.1277583 51.5073509
-0.1277583 51.5073509
-0.1277583 51.5073509
-0.1277583 51.5073509
-0.1277583 51.5073509
-0.1277583 51.5073509
-0.1277583 51.5073509
-0.1277583 51.5073509
-0.1277583 51.5073509
-0.1277583 51.5073509
-0.1277583 51.5073509
-0.1277583 51.5073509
-0.1277583 51.5073509
0.262363 52.399539
-0.26422 52.086938
-0.3367413 53.7456709
-0.339436 51.752725
-0.372882 50.81787
-0.3762881 39.4699075
-0.3762881 39.4699075
0.522699 51.270363
-0.5600349 51.316774
-0.5631659999999999 47.478419
-0.7125608 38.2699329
-0.7125608 38.2699329
0.726706 52.041047
-0.7532808999999999 39.4840108
-0.7532808999999999 39.4840108
-0.795353 51.36690100000001
-0.804268 51.3462419
0.8564269999999999 51.907508
0.8564269999999999 51.907508
100.0992942 17.6200886
100.0992942 17.6200886
100.0992942 17.6200886
100.2658516 16.8211238
100.2743956 13.5475216
-100.3161126 25.6866142
-100.3161126 25.6866142
-100.3161126 25.6866142
-100.3161126 25.6866142
-100.3161126 25.6866142
-100.3161126 25.6866142
-100.3161126 25.6866142
-100.3161126 25.6866142
-100.3161126 25.6866142
-100.3898881 20.5887932
-100.4370375 31.4637723
100.5017651 13.7563309
100.5017651 13.7563309
100.5017651 13.7563309
100.5017651 13.7563309
100.5017651 13.7563309
100.5017651 13.7563309
100.5017651 13.7563309
100.5017651 13.7563309
100.5017651 13.7563309
100.5017651 13.7563309
100.5017651 13.7563309
100.5017651 13.7563309
100.5017651 13.7563309
100.5017651 13.7563309
100.5017651 13.7563309
100.5017651 13.7563309
100.5017651 13.7563309
100.5017651 13.7563309
100.5017651 13.7563309
100.5017651 13.7563309
100.5017651 13.7563309
100.5017651 13.7563309
100.5017651 13.7563309
100.5017651 13.7563309
100.5017651 13.7563309
100.5017651 13.7563309
100.5017651 13.7563309
100.5017651 13.7563309
100.5017651 13.7563309
100.5017651 13.7563309
100.5017651 13.7563309
100.5250276 14.0208391
100.5998319 13.5990961
100.6647101 13.82031
100.6647101 13.82031
100.7676848 13.6686173
100.9668767 14.8889139
100.9846717 13.3611431
100.9846717 13.3611431
100.9846717 13.3611431
100.9846717 13.3611431
100.992541 15.870032
100.992541 15.870032
100.992541 15.870032
100.992541 15.870032
100.992541 15.870032
100.992541 15.870032
100.992541 15.870032
100.992541 15.870032
100.992541 15.870032
100.992541 15.870032
100.992541 15.870032
100.992541 15.870032
100.992541 15.870032
100.992541 15.870032
100.992541 15.870032
100.992541 15.870032
100.992541 15.870032
100.992541 15.870032
100.992541 15.870032
100.992541 15.870032
100.992541 15.870032
10.160798 56.069287
10.160798 56.069287
10.160798 56.069287
10.160798 56.069287
101.686855 3.139003
101.975766 4.210484
101.975766 4.210484
103.1615169 16.0132015
-103.3496092 20.6596988
-103.3496092 20.6596988
-103.4067861 25.5428443
103.4937107 14.882905
103.819836 1.352083
103.819836 1.352083
103.819836 1.352083
103.819836 1.352083
103.819836 1.352083
103.819836 1.352083
103.819836 1.352083
103.819836 1.352083
103.8677444 1.3553794
103.8677444 1.3553794
103.8677444 1.3553794
10.3950528 63.4305149
10.3950528 63.4305149
10.3950528 63.4305149
10.3950528 63.4305149
10.3950528 63.4305149
10.4075608 59.26756990000001
10.4075608 59.26756990000001
10.4289963 51.9059531
104.3050183 52.28697409999999
10.451526 51.165691
10.451526 51.165691
10.451526 51.165691
10.451526 51.165691
10.451526 51.165691
10.451526 51.165691
-104.6531759 24.0277202
10.4662306 61.1152713
104.7695508 17.392039
-104.8213634 38.8338816
-104.8213634 38.8338816
-104.8213634 38.8338816
104.8564217 15.2286861
104.8571368 15.1997052
104.8921668 11.5448729
-104.9013617 40.4774818
-104.990251 39.7392358
-104.990251 39.7392358
-104.990251 39.7392358
-104.990251 39.7392358
-104.990251 39.7392358
-104.990251 39.7392358
-104.990251 39.7392358
-104.990251 39.7392358
-104.990251 39.7392358
-105.0499817 40.0502623
-105.0749801 40.3977612
-105.0866504 39.9205411
-105.0866504 39.9205411
-105.0897058 39.9935959
-105.0897058 39.9935959
-105.0897058 39.9935959
-105.1019275 40.1672068
-105.1019275 40.1672068
-105.1019275 40.1672068
-105.1019275 40.1672068
-105.1319296 39.977763
-105.1708193 40.103874
-105.1708193 40.103874
-105.1708193 40.103874
-105.1708193 40.103874
-105.2210997 39.755543
-105.2210997 39.755543
105.2667887 -5.3971396
-105.2705456 40.0149856
-105.2705456 40.0149856
-105.2705456 40.0149856
-105.2705456 40.0149856
-105.2705456 40.0149856
-105.2705456 40.0149856
-105.2705456 40.0149856
-105.2705456 40.0149856
-105.2705456 40.0149856
-105.2705456 40.0149856
-105.2705456 40.0149856
-105.2705456 40.0149856
-105.2705456 40.0149856
-105.2705456 40.0149856
-105.2705456 40.0149856
-105.2705456 40.0149856
-105.2705456 40.0149856
-105.2705456 40.0149856
-105.2705456 40.0149856
-105.2705456 40.0149856
-105.2705456 40.0149856
-105.3172146 39.6333213
-105.3172146 39.6333213
-105.3172146 39.6333213
-105.3172146 39.6333213
-105.3172146 39.6333213
105.318756 61.52401
105.318756 61.52401
-105.5911007 41.3113669
-105.7820674 39.5500507
-105.7958419 39.0216594
105.8201408 21.0031177
105.8341598 21.0277644
-105.8700901 34.5199402
-105.8700901 34.5199402
-105.8700901 34.5199402
-105.8700901 34.5199402
-105.8700901 34.5199402
-105.8700901 34.5199402
-105.8700901 34.5199402
-105.8700901 34.5199402
-105.8700901 34.5199402
-106.0691004 28.6329957
-106.0691004 28.6329957
-106.0691004 28.6329957
-106.0691004 28.6329957
-106.3433606 42.9135767
-106.346771 56.130366
-106.346771 56.130366
-106.346771 56.130366
-106.4508639 52.9399159
106.551556 29.56301
106.551556 29.56301
-106.6055534 35.0853336
-106.6055534 35.0853336
106.6296638 10.8230989
106.6296638 10.8230989
106.822745 -6.1744651
106.822745 -6.1744651
106.822745 -6.1744651
106.822745 -6.1744651
106.822745 -6.1744651
-106.9561791 44.7971939
106.9755726 -6.2382699
107.4783823 -6.8436457
10.7522454 59.9138688
10.7522454 59.9138688
107.6191228 -6.9174639
107.6191228 -6.9174639
107.668887 -7.090910999999999
107.668887 -7.090910999999999
107.668887 -7.090910999999999
108.277199 14.058324
108.3380469 15.8800584
108.3380469 15.8800584
10.9347012 59.22053689999999
11.0121163 48.020805
-110.926479 32.2217429
-110.926479 32.2217429
-110.926479 32.2217429
-110.9381047 31.3011855
-111.0429339 45.6769979
-111.0937311 34.0489281
-111.0937311 34.0489281
11.1217486 46.0747793
-111.2271206 40.5813406
-111.6585337 40.2338438
-111.73854 40.3641184
-111.8412502 33.3061605
-111.8507662 40.3916172
-111.8910474 40.7607793
-111.8910474 40.7607793
-111.8910474 40.7607793
-111.8910474 40.7607793
-111.8910474 40.7607793
-111.8910474 40.7607793
-111.8910474 40.7607793
-111.8910474 40.7607793
-111.9400054 33.4255104
-111.9400054 33.4255104
-111.9400054 33.4255104
-112.0510533 41.2029998
-112.0740373 33.4483771
-112.0740373 33.4483771
-112.0740373 33.4483771
-112.0740373 33.4483771
11.2558136 43.7695604
11.2558136 43.7695604
11.2558136 43.7695604
112.6326321 -7.9666204
112.7015495 -7.449771799999999
113.264385 23.12911
113.264385 23.12911
113.264385 23.12911
11.3426163 44.494887
11.3426163 44.494887
-113.4909267 53.544389
-113.5684164 37.0965278
11.3690301 60.00002019999999
-113.7927948 42.5357428
113.921327 -0.789275
113.921327 -0.789275
-1.1397592 52.6368778
-1.1397592 52.6368778
114.057865 22.543096
114.057865 22.543096
114.057865 22.543096
114.057865 22.543096
114.057865 22.543096
114.057865 22.543096
114.057865 22.543096
-114.0708459 51.0486151
-114.0708459 51.0486151
-114.0708459 51.0486151
-114.0708459 51.0486151
-114.0708459 51.0486151
-114.0708459 51.0486151
-114.0708459 51.0486151
-114.0708459 51.0486151
-114.0708459 51.0486151
114.109497 22.396428
114.109497 22.396428
114.109497 22.396428
114.109497 22.396428
-114.1128734 46.3140884
114.1796057 22.3185673
-114.5186534 42.7240732
11.5012345 49.87464259999999
11.5012345 49.87464259999999
-115.4038924 36.0463595
115.6391736 -33.3270685
-1.1581086 52.95478319999999
-1.1581086 52.95478319999999
11.5819806 48.1351253
11.5819806 48.1351253
11.5819806 48.1351253
11.5819806 48.1351253
11.5819806 48.1351253
11.5819806 48.1351253
115.8570471 -31.9535132
115.8570471 -31.9535132
115.8570471 -31.9535132
115.8570471 -31.9535132
115.8570471 -31.9535132
-116.2146068 43.6187102
-116.2146068 43.6187102
116.407395 39.904211
116.407395 39.904211
116.407395 39.904211
-116.553465 48.276577
-116.6741822 33.5552692
-117.0358646 32.9628232
-117.1610838 32.715738
-117.1610838 32.715738
-117.1610838 32.715738
-117.1610838 32.715738
-117.1610838 32.715738
-117.1610838 32.715738
-117.1610838 32.715738
-117.1610838 32.715738
-117.1610838 32.715738
-117.1610838 32.715738
-117.1610838 32.715738
-117.1610838 32.715738
-117.1610838 32.715738
-117.1610838 32.715738
-117.2425355 33.2000368
-1.1743197 52.3555177
-1.1743197 52.3555177
-1.1743197 52.3555177
-1.1743197 52.3555177
-1.1743197 52.3555177
-1.1743197 52.3555177
-117.7946942 33.6839473
-117.9145036 33.8352932
-117.9145036 33.8352932
-117.9242966 33.8703596
-117.9992265 33.660297
-118.1445155 34.1477849
-118.1445155 34.1477849
-118.1445155 34.1477849
-118.1445155 34.1477849
-118.1445155 34.1477849
-118.1445155 34.1477849
-118.1445155 34.1477849
-118.1445155 34.1477849
-118.1445155 34.1477849
-118.1445155 34.1477849
-118.1445155 34.1477849
-118.1445155 34.1477849
-118.1445155 34.1477849
-118.2436849 34.0522342
-118.2436849 34.0522342
-118.2436849 34.0522342
-118.2436849 34.0522342
-118.2436849 34.0522342
-118.2436849 34.0522342
-118.2436849 34.0522342
-118.2436849 34.0522342
-118.2436849 34.0522342
-118.2436849 34.0522342
-118.4911912 34.0194543
11.8767611 45.4064349
-118.781482 34.2694474
-118.781482 34.2694474
-118.8375937 34.1705609
-118.972079 37.648546
-119.0187125 35.3732921
-119.4179324 36.778261
-119.4179324 36.778261
-119.4179324 36.778261
-119.4179324 36.778261
-119.4179324 36.778261
-119.4179324 36.778261
-119.4179324 36.778261
-119.4179324 36.778261
-119.4179324 36.778261
-119.4179324 36.778261
-119.4179324 36.778261
-119.4179324 36.778261
-119.487802 46.2631897
11.9597735 49.1602786
-119.686799 36.4332835
-119.6981901 34.4208305
11.97456 57.70887
-119.7725868 36.7468422
-119.8276389 34.4358294
-119.8276389 34.4358294
-119.8276389 34.4358294
12.016667 57.65
12.016667 57.65
12.016667 57.65
12.016667 57.65
-120.3103494 47.4234599
-120.3103494 47.4234599
-120.4735322 38.0901992
-120.5542012 43.8041334
-120.6545022 35.6368759
-120.6545022 35.6368759
120.7120023 22.6158015
120.9589699 14.2990183
120.960515 23.69781
120.9842195 14.5995124
12.1016236 49.0134297
121.0222565 14.6090537
121.0222565 14.6090537
121.0437003 14.6760413
121.0449768 14.7565784
121.0793705 14.1007803
-121.1760583 38.6779591
-121.2722194 38.1341477
-121.3153096 44.0581728
-121.405833 47.41
121.4627868 25.0169826
121.4627868 25.0169826
121.473701 31.230416
121.473701 31.230416
121.5654177 25.0329694
121.5654177 25.0329694
121.5654268 25.0329636
-121.7405167 38.5449065
121.774017 12.879721
-121.8863286 37.3382082
-121.8863286 37.3382082
-121.8863286 37.3382082
-121.8863286 37.3382082
-121.8863286 37.3382082
-121.8863286 37.3382082
-121.8863286 37.3382082
-121.8863286 37.3382082
-121.8863286 37.3382082
-121.8863286 37.3382082
-121.8863286 37.3382082
-121.8863286 37.3382082
-121.8863286 37.3382082
-121.8863286 37.3382082
-121.8863286 37.3382082
-121.8863286 37.3382082
-121.8863286 37.3382082
-121.8887269 47.5673237
-121.8887269 47.5673237
-121.8887269 47.5673237
-121.8887269 47.5673237
-121.8887269 47.5673237
-121.8887269 47.5673237
-121.8887269 47.5673237
-121.8887269 47.5673237
-121.8946761 36.6002378
-121.9499568 37.2871651
-121.9514666 49.1579401
-121.9552356 37.3541079
-121.9552356 37.3541079
-121.9552356 37.3541079
-121.9552356 37.3541079
-121.9623751 37.2358078
-121.9885719 37.5482697
-122.0326191 47.5301011
-122.0355736 47.61626829999999
-122.0363496 37.36883
-122.0363496 37.36883
-122.0363496 37.36883
-122.0363496 37.36883
-122.0402399 37.5296593
-122.0402399 37.5296593
-122.0651819 37.9100783
-122.0807964 37.6688205
-122.0807964 37.6688205
-122.0838511 37.3860517
-122.1430195 37.4418834
-122.1660756 37.42410599999999
-122.1660756 37.42410599999999
-122.2087353 47.6814875
-122.2087353 47.6814875
-122.2087353 47.6814875
-122.2170661 47.48287759999999
-122.272747 37.8715926
-122.272747 37.8715926
-122.272747 37.8715926
-122.274227 37.3190255
-122.2807326 47.7566327
-122.2952474 37.9771452
-122.2952474 37.9771452
12.2299671 47.93153119999999
-122.3255254 37.5629917
-122.3320708 47.6062095
-122.3320708 47.6062095
-122.3320708 47.6062095
-122.3320708 47.6062095
-122.3320708 47.6062095
-122.3320708 47.6062095
-122.3320708 47.6062095
-122.3320708 47.6062095
-122.3320708 47.6062095
-122.3320708 47.6062095
-122.3320708 47.6062095
-122.3320708 47.6062095
-122.3320708 47.6062095
-122.4194155 37.7749295
-122.4194155 37.7749295
-122.4194155 37.7749295
-122.4194155 37.7749295
-122.4194155 37.7749295
-122.463708 37.8774811
-122.6126718 48.51260449999999
-122.6366524 38.232417
-122.6614861 45.6387281
-122.6614861 45.6387281
-122.6764816 45.5230622
-122.6764816 45.5230622
-122.6764816 45.5230622
-122.6764816 45.5230622
-122.6764816 45.5230622
-122.6764816 45.5230622
-122.6764816 45.5230622
-122.6764816 45.5230622
-122.6764816 45.5230622
-122.7140548 38.440429
-122.7140548 38.440429
-122.7714861 45.4312294
-122.8238806 38.4021359
-122.8238806 38.4021359
-122.8238806 38.4021359
-122.840098 45.3565074
122.9663018 13.6828973
-123.0598286 45.5198373
-123.0598286 45.5198373
-123.0867536 44.0520691
-123.1207375 49.2827291
-123.1207375 49.2827291
-123.1207375 49.2827291
-123.1207375 49.2827291
-123.1207375 49.2827291
-123.1207375 49.2827291
-123.1207375 49.2827291
-123.1207375 49.2827291
-123.1207375 49.2827291
-123.2620435 44.5645659
-123.3656444 48.4284207
-123.3656444 48.4284207
-123.3656444 48.4284207
-123.4307413 48.118146
-123.4307413 48.118146
-123.7994591 39.3076744
-123.8468027 49.1702377
12.4963655 41.9027835
12.4963655 41.9027835
12.4963655 41.9027835
12.4963655 41.9027835
12.4963655 41.9027835
12.4963655 41.9027835
12.4963655 41.9027835
12.56738 41.87194
12.56738 41.87194
12.56738 41.87194
12.5683371 55.6760968
12.5683371 55.6760968
12.5683371 55.6760968
-1.2577263 51.7520209
126.9683104 37.344701
126.9683104 37.344701
126.9779692 37.566535
127.1388684 37.4449168
-1.275236 52.022132
-127.6476206 53.7266683
-1.277537 51.6408739
127.766922 35.907757
129.6754745 62.0354523
130.7625544 32.2100405
133.775136 -25.274398
133.775136 -25.274398
133.775136 -25.274398
13.404954 52.52000659999999
13.404954 52.52000659999999
13.404954 52.52000659999999
13.404954 52.52000659999999
13.404954 52.52000659999999
13.404954 52.52000659999999
13.404954 52.52000659999999
13.404954 52.52000659999999
13.404954 52.52000659999999
13.404954 52.52000659999999
13.404954 52.52000659999999
134.58252 7.514979999999999
134.6594685 33.9217479
13.7301877 45.54805899999999
138.2060764 -33.3531442
138.252924 36.204824
138.5999594 -34.92862119999999
138.9185126 35.11840249999999
139.6917064 35.6894875
139.6917064 35.6894875
139.6917064 35.6894875
139.7319925 35.7090259
139.8828072 36.5551124
139.8828072 36.5551124
140.3536982 -37.5949432
-1.4043509 50.90970040000001
-1.4043509 50.90970040000001
-1.4043509 50.90970040000001
-1.4043509 50.90970040000001
-1.4043509 50.90970040000001
-1.421629 53.235048
142.7027956 -20.9175738
14.3069437 51.0947498
14.3069437 51.0947498
14.3069437 51.0947498
14.3069437 51.0947498
14.3069437 51.0947498
14.3069437 51.0947498
14.3069437 51.0947498
143.8671868 -37.5636495
14.4378005 50.0755381
14.4378005 50.0755381
14.4378005 50.0755381
1.444209 43.604652
14.442176 45.3270631
144.96328 -37.814107
144.96328 -37.814107
144.96328 -37.814107
144.96328 -37.814107
144.96328 -37.814107
144.96328 -37.814107
144.96328 -37.814107
144.96328 -37.814107
144.96328 -37.814107
144.96328 -37.814107
144.96328 -37.814107
145.018082 -37.779305
145.037277 -37.934338
145.1190313 -37.85014049999999
145.119553 -37.92621200000001
145.1224639 -38.1413993
145.3392004 -38.53369319999999
145.9068513 -41.0524649
14.6036774 36.947379
146.6284905 -41.3650419
146.8178787 -19.2576223
146.8178787 -19.2576223
146.8178787 -19.2576223
146.8178787 -19.2576223
146.8178787 -19.2576223
146.8178787 -19.2576223
146.8178787 -19.2576223
14.708329 55.101017
147.349649 -35.1250948
-1.4743022 50.9303889
-1.4743022 50.9303889
-1.4743022 50.9303889
-1.4850544 51.7859365
14.8924044 53.14608519999999
14.8924044 53.14608519999999
149.0123679 -35.4734679
149.0987563 -35.40169059999999
149.8415113 -29.4643519
-149.9002778 61.2180556
15.0543387 50.76627999999999
-1.505924 53.683298
15.0798161 49.9567092
150.9836323 -34.2279779
150.9836323 -34.2279779
151.1694182 -33.7756703
151.2052868 -33.864174
151.2052868 -33.864174
151.2052868 -33.864174
151.2069902 -33.8674869
151.2069902 -33.8674869
151.2416416 -33.9144373
1.5208624 41.5911589
15.2 45.1
153.0186255 -27.4878701
153.0186255 -27.4878701
153.0186255 -27.4878701
153.0234489 -27.4710107
153.0234489 -27.4710107
153.0234489 -27.4710107
153.0234489 -27.4710107
153.0234489 -27.4710107
153.0234489 -27.4710107
153.0234489 -27.4710107
153.0234489 -27.4710107
153.0234489 -27.4710107
153.0234489 -27.4710107
153.122463 -26.7676281
153.2360051 -29.3320039
153.2485858 -27.9817694
15.4296732 46.2257046
15.6213727 58.41080700000001
15.7110481 45.8010928
-157.8583333 21.3069444
-157.8583333 21.3069444
-157.8583333 21.3069444
-158.0152807 21.4513314
15.981919 45.8150108
15.981919 45.8150108
15.981919 45.8150108
15.981919 45.8150108
-1.61778 54.978252
-1.61778 54.978252
-1.61778 54.978252
-1.61778 54.978252
-1.61778 54.978252
-1.6457745 42.812526
16.5448091 59.60990049999999
16.6043199 40.666379
16.6414882 47.1461871
-1.6736397 38.0433449
16.9251681 52.406374
17.0385376 51.1078852
17.1077477 48.1485965
17.1077477 48.1485965
17.1077477 48.1485965
17.1077477 48.1485965
17.1077477 48.1485965
17.1077477 48.1485965
17.1077477 48.1485965
172.6362254 -43.5320544
172.6362254 -43.5320544
172.6362254 -43.5320544
172.6362254 -43.5320544
172.6362254 -43.5320544
-17.3660286 14.7645042
1.74548 48.809105
174.7633315 -36.8484597
174.7633315 -36.8484597
174.7633315 -36.8484597
174.776236 -41.2864603
174.776236 -41.2864603
174.776236 -41.2864603
174.885971 -40.900557
174.885971 -40.900557
174.885971 -40.900557
174.885971 -40.900557
174.885971 -40.900557
175.279253 -37.7870012
175.279253 -37.7870012
17.6389267 59.85856380000001
18.0084334 59.36887909999999
18.0596925 49.53683669999999
18.0596925 49.53683669999999
18.0596925 49.53683669999999
18.0685808 59.32932349999999
18.0685808 59.32932349999999
18.0685808 59.32932349999999
18.0685808 59.32932349999999
18.0906543 40.3364798
18.1468 59.36295999999999
18.1750161 40.3515155
18.1750161 40.3515155
18.2888404 Thailand.
18.32383 43.919356
18.643501 60.12816100000001
18.643501 60.12816100000001
18.6955144 45.5549624
18.7067344 45.1494771
18.860152 -33.9321045
18.9038037 50.1790184
19.040235 47.497912
19.040235 47.497912
19.0759837 DATA BRO
19.1351898 47.9294927
19.6896861 46.8963711
-1.9812313 43.318334
-2.011302 54.74946
20.1223909 -33.7749407
20.168331 41.153332
20.4489216 44.786568
20.6250291 50.767674
20.762386 48.0963631
20.9335169 44.6658941
20.9406279 50.6261041
20.950917 64.750244
21.1289753 46.7711185
21.1289753 46.7711185
21.2086793 45.7488716
21.2086793 45.7488716
21.2086793 45.7488716
21.3292164 41.0296773
21.3292164 41.0296773
-2.144045 52.907932
2.1734035 41.3850639
-21.8174393 64.12652059999999
-21.8174393 64.12652059999999
-21.8174393 64.12652059999999
21.824312 39.074208
21.824312 39.074208
21.9189438 47.04650050000001
21.9661553 48.80867569999999
2.213749 46.227638
2.213749 46.227638
22.3682407 60.4071689
-2.2426305 53.4807593
-2.2426305 53.4807593
-2.2426305 53.4807593
-2.2426305 53.4807593
-2.2426305 53.4807593
22.8575926 47.8016702
22.937506 -30.559482
22.937506 -30.559482
22.9444191 40.6400629
23.033333 -33.95
23.3218675 42.6977082
23.3218675 42.6977082
2.3522219 48.856614
2.3522219 48.856614
2.3522219 48.856614
23.5849881 47.6567387
23.6236353 46.7712101
23.7609535 61.4977524
23.8548387 38.0117509
23.881275 55.169438
23.881275 55.169438
23.9035965 54.8985207
23.9333037 37.8833564
240mAh LIPO powered Vcc every minute
24.1051864 56.9496487
24.1255826 45.7983273
-2.4637136 36.834047
-2.4637136 36.834047
24.6559001 60.2054911
24.7452904 42.1354079
24.8059394 42.641321
24.938379 60.16985569999999
24.938379 60.16985569999999
25.0377686 60.29335239999999
25.1442126 35.3387352
25.2796514 54.6871555
25.2796514 54.6871555
25.2796514 54.6871555
25.2926479 46.3049996
25.48583 42.733883
25.748151 61.92410999999999
25.748151 61.92410999999999
-2.58791 51.454513
-2.58791 51.454513
26.1025384 44.4267674
26.1025384 44.4267674
26.1025384 44.4267674
-2.6189273 42.9896248
-2.6189273 42.9896248
-2.6189273 42.9896248
-2.6325074 53.5450645
-2.70309 53.763201
-2.70309 53.763201
27.6014418 47.1584549
27.8272606 43.57259
27.8545867 -33.0291582
27.8903423 39.65329759999999
27.953389 53.709807
28.2292712 -25.7478676
28.2292712 -25.7478676
28.9783589 41.0082376
28.9783589 41.0082376
28.9783589 41.0082376
28.9783589 41.0082376
28.9783589 41.0082376
28.9783589 41.0082376
-2.9349852 43.2630126
-2.9349852 43.2630126
-2.9349852 43.2630126
-2.9349852 43.2630126
-2.9349852 43.2630126
-2.9349852 43.2630126
-2.9349852 43.2630126
29.507458 37.140808
-2.970721 56.462018
-2.998895 53.44325500000001
30.1044288 -1.9705786
30.3350986 59.9342802
30.3350986 59.9342802
30.3350986 59.9342802
30.3350986 59.9342802
30.3350986 59.9342802
30.3350986 59.9342802
30.55370499999999 37.7626487
30.6480855 46.2952236
3.087025 45.77722199999999
31.0218404 -29.85868039999999
31.16558 48.379433
-3.183911 54.945921
3.1980527 6.674881099999999
-3.2148146 54.9529945
32.715738 Power Save Mode)
32.8597419 39.9333635
32.8597419 39.9333635
32.8597419 39.9333635
32.8597419 39.9333635
32.8597419 39.9333635
3.3792057 6.5243793
34.2257255 NC
-3.4229 56.206132
-3.435973 55.378051
-3.435973 55.378051
-3.435973 55.378051
-3.435973 55.378051
-3.435973 55.378051
34.78176759999999 32.0852999
34.808871 32.072176
34.851612 31.046051
34.851612 31.046051
34.851612 31.046051
34.851612 31.046051
-34.8828969 -8.0578381
-34.8828969 -8.0578381
34.887762 32.084041
-3.491634 53.31914099999999
35.21371 31.768319
35.243322 38.963745
35.243322 38.963745
35.243322 38.963745
35.48259700000001 38.720489
35.9456951 31.9565783
-36.3081117 -9.6853134
-3.7037902 40.4167754
-3.7037902 40.4167754
-3.7037902 40.4167754
3.7174243 51.0543422
-3.74922 40.46366700000001
-3.74922 40.46366700000001
-3.74922 40.46366700000001
37.6173 55.755826
37.6173 55.755826
37.6173 55.755826
37.6173 55.755826
37.6173 55.755826
37.6173 55.755826
37.6173 55.755826
3.76382 50.80276
3.76382 50.80276
-3.7837117 52.1306607
-3.7837117 52.1306607
38.0549562 Greece
39.165325 IN
39.2375507 21.2854067
3.956659 50.4542408
3.956659 50.4542408
39.7055977 45.6415289
39.7055977 45.6415289
39.8891658 factor e farm
3.9940663 51.10234130000001
-4.0078909 Captación 
-4.0078909 Cloración
-4.0078909 Coagulación 
-4.0078909 Filtración
-40.2957768 -20.2976178
40.4284015 PA.
40.6837121 NY Weather
40.8257625 Ne Weather
40.8257625 Ne Weather
-4.096832 55.712146
41.1536674 Kent
4.186910999999999 50.971588
41.8781136 South Chicago
-4.2026458 56.49067119999999
-4.2026458 56.49067119999999
-4.2026458 56.49067119999999
-4.2026458 56.49067119999999
42.0494674 IA Weather
-4.251806 55.864237
-43.1728965 -22.9068467
4.3517103 50.8503396
4.3517103 50.8503396
4.3517103 50.8503396
4.3517103 50.8503396
4.3570677 52.01157689999999
4.3570677 52.01157689999999
-43.9344931 -19.9166813
43.9360589 56.2965039
4.4024643 51.2194475
4.4024643 51.2194475
4.4024643 51.2194475
4.4385976 52.12378959999999
44.4991029 40.1791857
4.4500094 52.2399885
4.4500094 52.2399885
4.4500094 52.2399885
4.4500094 52.2399885
-44.5550308 -18.512178
-44.5550308 -18.512178
-44.5550308 -18.512178
4.469936 50.503887
4.469936 50.503887
4.469936 50.503887
4.469936 50.503887
4.469936 50.503887
4.469936 50.503887
4.4711513 51.1540043
4.4711513 51.1540043
4.4748104 52.1862262
4.4777325 51.9244201
4.4777325 51.9244201
-44.8916447 -20.1451261
44.9552414 WI Dylos 1100
4.507778099999999 50.8259264
4.5485809 51.8515088
46.2091547 22.7554385
-46.63330939999999 -23.5505199
-46.63330939999999 -23.5505199
-46.63330939999999 -23.5505199
-46.63330939999999 -23.5505199
-46.63330939999999 -23.5505199
-46.63330939999999 -23.5505199
-46.63330939999999 -23.5505199
-46.63330939999999 -23.5505199
-46.63330939999999 -23.5505199
-4.6818548 36.5022572
4.70007 50.97278000000001
47.3396005 Ádám J. sétány 211.
-47.8821658 -15.7942287
-47.8821658 -15.7942287
-48.1786486 -21.7848272
4.835659 45.764043
4.835659 45.764043
-48.6199539 -1.5122312
4.880913 52.2050221
48.8475015 38.7528669
4.895167900000001 52.3702157
4.895167900000001 52.3702157
4.895167900000001 52.3702157
4.895167900000001 52.3702157
4.895167900000001 52.3702157
4.895167900000001 52.3702157
4.895167900000001 52.3702157
4.895167900000001 52.3702157
4.895167900000001 52.3702157
4.895167900000001 52.3702157
49.06608060000001 55.8304307
49.06608060000001 55.8304307
-49.267137 -25.4289541
-49.267137 -25.4289541
-49.3733771 -28.6727702
5.0171019 52.1319071
5.0171019 52.1319071
5.1214201 52.09073739999999
-51.2176986 -30.0346316
51.38298 Belgium
5.2103806 52.1365344
5.2103806 52.1365344
5.2103806 52.1365344
5.2103806 52.1365344
-52.3375886 -31.7653989
5.2421204 52.1230239
5.2433925 52.2994652
5.2647016 52.3507849
5.2647016 52.3507849
5.291265999999999 52.132633
5.291265999999999 52.132633
5.291265999999999 52.132633
5.291265999999999 52.132633
5.291265999999999 52.132633
5.291265999999999 52.132633
5.291265999999999 52.132633
5.291265999999999 52.132633
5.291265999999999 52.132633
53.688046 32.427908
53.847818 23.424076
5.387826599999999 52.1561113
5.387826599999999 52.1561113
5.387826599999999 52.1561113
5.387826599999999 52.1561113
5.4334973 51.6196625
5.447426999999999 43.529742
54.6972774 24.2991738
54.6972774 24.2991738
5.526489 45.126924
5.526489 45.126924
55.2707828 25.2048493
-5.5407299 33.8730164
-55.765835 -32.522779
55.923255 21.512583
5.605155 43.17365299999999
5.605155 43.17365299999999
-56.16453139999999 -34.9011127
-56.16453139999999 -34.9011127
-56.16453139999999 -34.9011127
-56.16453139999999 -34.9011127
-56.16453139999999 -34.9011127
5.6653948 51.9691868
5.7142222 51.2439415
-5.7467879 41.5034712
5.7547492 45.1124266
5.7547492 45.1124266
5.7547492 45.1124266
5.7547492 45.1124266
-57.57592599999999 -25.2637399
-57.95356570000001 -34.9204948
-57.9600793 -31.3854988
-5.833954299999999 35.7594651
-58.3815591 -34.6036844
-58.3815591 -34.6036844
-58.3815591 -34.6036844
-58.3815591 -34.6036844
-5.8593267 43.3613953
60.4665666 Kyamk
-60.697294 -31.6106578
60.7945331 Hamar
6.083886800000001 50.7753455
6.083886800000001 50.7753455
6.1180686 52.7868939
-61.30352480000001 10.6859096
-61.9928025 45.62266049999999
-62.066667 45.516667
-62.066667 45.516667
-6.2603097 53.3498053
-6.2603097 53.3498053
-6.2603097 53.3498053
-6.2603097 53.3498053
-6.2603097 53.3498053
-63.295405 46.15476899999999
-63.41681359999999 46.510712
63.4305149 humidity
-63.5753196 44.6488625
-63.5753196 44.6488625
-63.61667199999999 -38.416097
-63.61667199999999 -38.416097
-63.61667199999999 -38.416097
-63.61667199999999 -38.416097
-63.61667199999999 -38.416097
6.3639119 50.9224226
6.391223999999999 52.6005467
-64.3493441 -33.1231585
6.566501799999999 53.2193835
-66.46191639999999 46.5653163
-66.46191639999999 46.5653163
-66.46191639999999 46.5653163
-66.46191639999999 46.5653163
-66.9511459 10.5004352
67.0099388 24.8614622
67.0099388 24.8614622
-67.45761089999999 10.1756523
6.762329299999999 51.4344079
6.762329299999999 51.4344079
6.7734556 51.2277411
6.7927725 52.2574121
-68.6582537 44.6931707
69.34511599999999 30.375321
6.9602786 50.937531
7.0115552 51.4556432
-70.39750219999999 -23.6509279
-70.39750219999999 -23.6509279
-70.39750219999999 -23.6509279
-70.567069 -33.4087844
-70.6093325 -33.4314474
-70.6692655 -33.4488897
-70.6692655 -33.4488897
-70.6692655 -33.4488897
-70.6692655 -33.4488897
-70.6692655 -33.4488897
-70.6692655 -33.4488897
-70.6692655 -33.4488897
-70.87727509999999 42.8125913
-7.092619999999999 31.791702
7.0982068 50.73743
-71.0588801 42.3600825
-71.0588801 42.3600825
-71.0588801 42.3600825
-71.0588801 42.3600825
-71.0588801 42.3600825
-71.0588801 42.3600825
-71.0994968 42.3875968
-71.1061639 42.4184296
-71.10973349999999 42.3736158
-71.10973349999999 42.3736158
-71.10973349999999 42.3736158
-71.10973349999999 42.3736158
-71.10973349999999 42.3736158
-71.10973349999999 42.3736158
-71.1564729 42.4153925
-71.2079809 46.8138783
-71.2079809 46.8138783
-71.2342866 44.0738899
-71.2356113 42.3764852
-71.3672838 42.5998139
-7.1492952 52.16143539999999
-7.1492952 52.16143539999999
-7.1492952 52.16143539999999
-7.1492952 52.16143539999999
-7.1492952 52.16143539999999
-71.5128022 42.5372893
-71.5723953 43.1938516
-71.5723953 43.1938516
-71.9389194 43.0308557
-72.0181743 41.4456444
-72.5198537 42.3732216
-72.5353437 42.5355277
72.5713621 23.022505
-72.5795115 42.4663727
-72.5994104 42.587915
-72.64120129999999 42.3250896
-72.64370219999999 41.8525984
-72.64370219999999 41.8525984
-72.66897999999999 42.266757
-72.6874023 44.4654332
72.83106070000001 21.1702401
72.8776559 19.0759837
72.8776559 19.0759837
72.8776559 19.0759837
72.8776559 19.0759837
72.8776559 19.0759837
72.8776559 19.0759837
72.8776559 19.0759837
72.8776559 19.0759837
72.8776559 19.0759837
72.8776559 19.0759837
72.8776559 19.0759837
72.8776559 19.0759837
72.8776559 19.0759837
72.8776559 19.0759837
72.8776559 19.0759837
72.8776559 19.0759837
72.8776559 19.0759837
72.8776559 19.0759837
72.8776559 19.0759837
72.8776559 19.0759837
72.8776559 19.0759837
72.8776559 19.0759837
72.8776559 19.0759837
72.8776559 19.0759837
72.8776559 19.0759837
72.8776559 19.0759837
72.8776559 19.0759837
72.8776559 19.0759837
72.8776559 19.0759837
72.8776559 19.0759837
72.8776559 19.0759837
72.8776559 19.0759837
72.9780897 19.2183307
-73.0443904 -36.8201352
-73.0443904 -36.8201352
-73.1409429 40.9256538
-73.21207199999999 44.4758825
-73.412229 45.086132
-73.4673454 40.7764882
7.352594799999999 45.0420074
-73.567256 45.5016889
-73.567256 45.5016889
-73.567256 45.5016889
-73.567256 45.5016889
-73.567256 45.5016889
-73.567256 45.5016889
-73.567256 45.5016889
-73.5995717 40.7887113
-73.69178509999999 42.7284117
-73.69178509999999 42.7284117
-73.69178509999999 42.7284117
-73.69178509999999 42.7284117
-73.69178509999999 42.7284117
-73.75004849999999 45.4503213
73.78980229999999 19.9974533
-73.8284549 42.7972995
73.8567437 18.5204303
73.8567437 18.5204303
73.8567437 18.5204303
73.8567437 18.5204303
73.8567437 18.5204303
73.8567437 18.5204303
73.8567437 18.5204303
73.8567437 18.5204303
73.8567437 18.5204303
73.8567437 18.5204303
73.8567437 18.5204303
73.8567437 18.5204303
73.8567437 18.5204303
-73.89321079999999 45.5418051
-73.92044229999999 44.1101772
-74.0059413 40.7127837
-74.0059413 40.7127837
-74.0059413 40.7127837
-74.0059413 40.7127837
-74.0059413 40.7127837
-74.0059413 40.7127837
-74.0059413 40.7127837
-74.0059413 40.7127837
-74.0059413 40.7127837
-74.0059413 40.7127837
-74.0059413 40.7127837
-74.0059413 40.7127837
-74.0059413 40.7127837
-74.0059413 40.7127837
-74.0059413 40.7127837
-74.0059413 40.7127837
-74.0059413 40.7127837
-74.0059413 40.7127837
-74.0059413 40.7127837
-74.0059413 40.7127837
-74.0059413 40.7127837
-74.0059413 40.7127837
-74.0059413 40.7127837
-74.0059413 40.7127837
-74.0059413 40.7127837
-74.0434736 40.8859325
-74.0434736 40.8859325
-74.0434736 40.8859325
-74.0434736 40.8859325
-74.0434736 40.8859325
-74.0434736 40.8859325
-74.0434736 40.8859325
-74.072092 4.710988599999999
-74.072092 4.710988599999999
-74.1723667 40.735657
-74.26316349999999 40.6975898
74.3571581 31.55460609999999
-74.4056612 40.0583238
-74.4056612 40.0583238
-74.4056612 40.0583238
-74.4056612 40.0583238
-74.4056612 40.0583238
-74.4056612 40.0583238
-74.4056612 40.0583238
74.511172 30.4766391
-74.57656860000002 40.7870633
7.465298100000001 51.5135872
74.8559568 12.9141417
74.8722642 31.6339793
74.8722642 31.6339793
-75.0551806 38.5395564
-75.0551806 38.5395564
-75.0551806 38.5395564
75.1311874 15.3471361
-75.1652215 39.9525839
-75.1652215 39.9525839
-75.1652215 39.9525839
-75.1652215 39.9525839
-75.22156509999999 40.1545535
-75.22156509999999 40.1545535
-75.22156509999999 40.1545535
-75.22156509999999 40.1545535
7.5303998 50.6664735
-75.3048982 40.3539926
-75.32018780000001 39.9306677
-75.34121789999999 7.1986064
-75.37045789999999 40.6259316
-75.52766989999999 2.5359349
-75.5397878 39.7390721
-75.5397878 39.7390721
-75.6240619 35.9573922
-75.6385054 35.8426728
-75.69719309999999 45.4215296
-75.69719309999999 45.4215296
75.7138884 15.3172775
75.7138884 19.7514798
75.8572758 30.900965
75.8577258 22.7195687
75.8577258 22.7195687
75.8577258 22.7195687
7.5885761 47.5595986
75.9063906 17.6599188
75.9063906 17.6599188
-76.1015927 42.6661801
-76.1203982 39.4632824
-76.14742439999999 43.0481221
-76.14742439999999 43.0481221
-76.14742439999999 43.0481221
7.6261347 51.9606649
7.6261347 51.9606649
76.26730409999999 9.9312328
76.3418666 10.0158605
76.352571 21.8257334
-76.47299269999999 43.0653441
-76.5018807 42.4439614
-76.5018807 42.4439614
-76.5629398 38.94056399999999
-76.5629398 38.94056399999999
-76.6121893 39.2903848
-76.6121893 39.2903848
-76.64127119999999 39.0457549
-76.8631085 45.7357254
-76.8844101 40.9645293
-76.9199742 40.23981180000001
76.9313675 31.7081655
76.9366376 8.5241391
76.9558321 11.0168445
76.9558321 11.0168445
76.9558321 11.0168445
76.9859077 31.7712843
76.9859077 31.7712843
-77.0368707 38.9071923
-77.0368707 38.9071923
-77.0427934 -12.046374
-77.0427934 -12.046374
-77.0427934 -12.046374
-77.0427934 -12.046374
-77.0427934 -12.046374
-77.0427934 -12.046374
-77.0427934 -12.046374
-77.0427934 -12.046374
-77.0427934 -12.046374
-77.0427934 -12.046374
-77.0427934 -12.046374
-77.0427934 -12.046374
-77.0427934 -12.046374
-77.0427934 -12.046374
-77.0427934 -12.046374
-77.0427934 -12.046374
-77.0427934 -12.046374
-77.0427934 -12.046374
-77.0427934 -12.046374
-77.0427934 -12.046374
-77.0427934 -12.046374
-77.1067698 38.8799697
-77.1067698 38.8799697
-77.1945247 41.2033216
-77.2013705 39.1434406
77.2090212 28.6139391
77.2090212 28.6139391
77.2090212 28.6139391
77.2090212 28.6139391
77.2090212 28.6139391
77.2090212 28.6139391
-77.2652604 38.9012225
-77.3008172 38.8809451
-77.3008172 38.8809451
-77.3008172 38.8809451
-77.3008172 38.8809451
77.3910265 28.5355161
77.3910265 28.5355161
77.3910265 28.5355161
77.3910265 28.5355161
77.3910265 28.5355161
77.3910265 28.5355161
77.3910265 28.5355161
77.3910265 28.5355161
77.3910265 28.5355161
-77.4105409 39.41426879999999
77.45375779999999 28.6691565
-77.4874416 39.0437567
77.5945627 12.9715987
77.5945627 12.9715987
77.5945627 12.9715987
77.5945627 12.9715987
77.5945627 12.9715987
77.5945627 12.9715987
77.5945627 12.9715987
77.5945627 12.9715987
77.5945627 12.9715987
77.5945627 12.9715987
77.5945627 12.9715987
77.5945627 12.9715987
77.5945627 12.9715987
77.5945627 12.9715987
77.5945627 12.9715987
77.5945627 12.9715987
77.5945627 12.9715987
77.5945627 12.9715987
77.5945627 12.9715987
77.5945627 12.9715987
77.5945627 12.9715987
77.5945627 12.9715987
77.5945627 12.9715987
77.5945627 12.9715987
-77.6109219 43.16103
-7.7664152 40.6083723
-7.7664152 40.6083723
-7.7664152 40.6083723
77.6822442 9.5635619
-77.7355496 38.9687211
-77.8600012 40.7933949
-77.8600012 40.7933949
-77.8600012 40.7933949
-77.9927651 35.3848841
-78.18340599999999 -1.831239
7.848157400000001 46.6852116
78.486671 17.385044
78.486671 17.385044
78.486671 17.385044
78.486671 17.385044
78.486671 17.385044
78.486671 17.385044
78.486671 17.385044
78.486671 17.385044
78.486671 17.385044
78.486671 17.385044
78.486671 17.385044
78.486671 17.385044
-78.6703062 42.9006144
78.7046725 10.7904833
7.8800589 45.4672764
-78.898619 35.9940329
-78.898619 35.9940329
-78.898619 35.9940329
7.893997600000001 47.1170905
78.96288 20.593684
78.96288 20.593684
78.96288 20.593684
78.96288 20.593684
78.96288 20.593684
78.96288 20.593684
78.96288 20.593684
78.96288 20.593684
78.96288 20.593684
78.96288 20.593684
78.96288 20.593684
78.96288 20.593684
78.96288 20.593684
78.96288 20.593684
78.96288 20.593684
78.96288 20.593684
78.96288 20.593684
78.96288 20.593684
78.96288 20.593684
78.96288 20.593684
78.96288 20.593684
78.96288 20.593684
78.96288 20.593684
78.96288 20.593684
78.96288 20.593684
78.96288 20.593684
78.96288 20.593684
78.96288 20.593684
78.96288 20.593684
78.96288 20.593684
78.96288 20.593684
78.96288 20.593684
78.96288 20.593684
78.96288 20.593684
78.96288 20.593684
78.96288 20.593684
78.96288 20.593684
78.96288 20.593684
78.96288 20.593684
78.96288 20.593684
78.96288 20.593684
78.96288 20.593684
78.96288 20.593684
78.96288 20.593684
78.96288 20.593684
78.96288 20.593684
78.96288 20.593684
78.96288 20.593684
78.96288 20.593684
78.96288 20.593684
78.96288 20.593684
78.96288 20.593684
-78.9691923 38.0990233
-79.0997347 36.0754183
-79.0997347 36.0754183
-79.2112769 -4.0078909
-79.2112769 -4.0078909
-79.2112769 -4.0078909
-79.3831843 43.653226
-79.3831843 43.653226
-79.3831843 43.653226
-79.3831843 43.653226
-79.3831843 43.653226
-79.3831843 43.653226
-79.3831843 43.653226
-79.3831843 43.653226
-79.3831843 43.653226
-79.3831843 43.653226
-79.3831843 43.653226
-79.3831843 43.653226
-79.3831843 43.653226
-79.3831843 43.653226
-79.3831843 43.653226
-79.3831843 43.653226
-79.3831843 43.653226
-79.4028639 9.1011785
-79.4028639 9.1011785
79.4304381 28.3670355
79.4304381 28.3670355
-79.49115970000001 38.670948
-79.6441198 43.5890452
-79.69754499999999 40.4284015
-79.7990319 43.3255196
-7.981084500000001 31.6294723
-79.8660914 43.25002080000001
-79.8660914 43.25002080000001
-79.8660914 43.25002080000001
-79.8660914 43.25002080000001
-79.8660914 43.25002080000001
-79.8660914 43.25002080000001
-79.8660914 43.25002080000001
79.8800832 7.041947299999999
-79.95589679999999 39.629526
-79.95589679999999 39.629526
-79.9703318 40.6300567
-79.9958864 40.44062479999999
-79.9958864 40.44062479999999
-79.9958864 40.44062479999999
-80.0728201 26.4614625
-80.13731740000001 26.1224386
-80.1425781 39.4850848
-80.17564809999999 33.0185039
-80.1917902 25.7616798
-80.1917902 25.7616798
-80.244216 36.09985959999999
-80.24816659999999 43.5448048
80.2707184 13.0826802
80.2707184 13.0826802
80.2707184 13.0826802
80.2707184 13.0826802
80.2707184 13.0826802
80.2707184 13.0826802
80.2707184 13.0826802
80.2707184 13.0826802
80.2707184 13.0826802
-80.5817318 35.569306
-80.60810889999999 28.0836269
-80.60810889999999 28.0836269
80.6480153 16.5061743
80.6480153 16.5061743
80.6480153 16.5061743
80.6480153 16.5061743
80.6480153 16.5061743
80.6480153 16.5061743
80.6480153 16.5061743
80.6480153 16.5061743
80.6480153 16.5061743
80.6480153 16.5061743
80.6480153 16.5061743
80.6480153 16.5061743
80.6480153 16.5061743
80.6480153 16.5061743
80.6480153 16.5061743
80.6480153 16.5061743
80.6480153 16.5061743
80.6480153 16.5061743
80.6480153 16.5061743
80.6480153 16.5061743
80.77179699999999 7.873053999999999
80.77179699999999 7.873053999999999
80.77179699999999 7.873053999999999
80.77179699999999 7.873053999999999
80.77179699999999 7.873053999999999
80.77179699999999 7.873053999999999
80.77179699999999 7.873053999999999
80.77179699999999 7.873053999999999
80.77179699999999 7.873053999999999
80.77179699999999 7.873053999999999
-80.8431267 35.2270869
-80.8431267 35.2270869
-80.8431267 35.2270869
-80.8565321 35.0019259
-80.8565321 35.0019259
-80.8875121 41.1179797
-81.0348144 34.0007104
-81.243177 42.9869502
-81.243177 42.9869502
-81.33923519999999 28.5999998
-81.33923519999999 28.5999998
-81.3498211 34.1659795
-81.3578859 41.1536674
-81.3578859 41.1536674
-81.3578859 41.1536674
-81.3578859 41.1536674
-81.3578859 41.1536674
-81.3578859 41.1536674
-81.3578859 41.1536674
-81.3578859 41.1536674
-81.3578859 41.1536674
-81.3578859 41.1536674
-81.3578859 41.1536674
-81.3578859 41.1536674
-81.3578859 41.1536674
-81.3578859 41.1536674
-81.3578859 41.1536674
-81.3578859 41.1536674
-81.3578859 41.1536674
-81.3578859 41.1536674
-81.3578859 41.1536674
-81.3578859 41.1536674
-81.3578859 41.1536674
-81.3578859 41.1536674
-81.3578859 41.1536674
-81.3578859 41.1536674
-81.3792365 28.5383355
-81.3792365 28.5383355
-81.3792365 28.5383355
-81.3792365 28.5383355
-81.3792365 28.5383355
-81.4023356 40.875891
-81.44122589999999 41.3897764
-81.5157535 27.6648274
-81.5157535 27.6648274
-81.5322149 28.6934076
-81.58618469999999 28.5652787
-81.60174169999999 28.1614046
-81.6326234 38.3498195
-81.65565099999999 30.3321838
-81.65565099999999 30.3321838
-81.65565099999999 30.3321838
-81.65565099999999 30.3321838
-81.6943605 41.49932
-81.83569 41.3144966
-81.8603778 30.0688512
-82.0453664 26.9297836
-8.2193451 43.48964600000001
-8.224454 39.39987199999999
-82.32482619999999 29.6516344
-8.24389 53.41291
-8.24389 53.41291
-8.2478796 37.0890719
-82.47954059999999 27.308936
-82.53065269999999 27.3364347
-82.6267345 27.7518284
-82.6817662 28.1808458
-82.7342919 35.2334472
-82.7342919 35.2334472
-82.8108366 39.99505190000001
-82.81211909999999 39.9547861
-82.8779754 42.5972563
-82.9000751 32.1656221
-82.9000751 32.1656221
-82.90712300000001 40.4172871
-82.90712300000001 40.4172871
-82.99879419999999 39.9611755
-82.99879419999999 39.9611755
-82.99879419999999 39.9611755
-82.99879419999999 39.9611755
-82.99879419999999 39.9611755
-82.99879419999999 39.9611755
-82.99879419999999 39.9611755
-82.99879419999999 39.9611755
-82.99879419999999 39.9611755
-83.1140771 40.0992294
-83.1285242 40.5886699
-83.1499322 42.65836609999999
-83.2341028 42.6875323
-83.48211599999999 42.3086444
-83.48211599999999 42.3086444
-83.624201 32.6130007
-83.7430378 42.2808256
-83.80853719999999 39.74422680000001
-83.80853719999999 39.74422680000001
-83.80853719999999 39.74422680000001
-83.80853719999999 39.74422680000001
-84.01937889999999 39.8208925
-84.01937889999999 39.8208925
-84.01937889999999 39.8208925
-84.01937889999999 39.8208925
-8.4102573 40.2033145
-84.14019259999999 34.2073196
-84.1916069 39.7589478
-84.1916069 39.7589478
-84.2963123 33.7748275
-84.33053939999999 9.518638100000002
-84.3879824 33.7489954
-84.3879824 33.7489954
-84.3879824 33.7489954
-84.3879824 33.7489954
-84.3879824 33.7489954
-84.3879824 33.7489954
-84.3879824 33.7489954
-84.3879824 33.7489954
-84.3879824 33.7489954
-84.3879824 33.7489954
-84.3879824 33.7489954
-84.3879824 33.7489954
-84.3879824 33.7489954
-84.3879824 33.7489954
-84.3879824 33.7489954
-84.3879824 33.7489954
8.441217199999999 49.3172765
-84.48386540000001 42.7369792
-84.5037164 38.0405837
-84.5037164 38.0405837
-84.5120196 39.1031182
-84.5193754 34.1014873
-84.5499327 33.95260200000001
-84.55883109999999 38.2097967
-84.6154897 34.0234337
8.468945999999999 60.47202399999999
-84.74523099999999 39.5069974
-85.0269014 35.9489566
-85.1646726 34.257038
8.5288048 50.1541966
-85.3096801 35.0456297
-85.3232139 51.253775
-85.3232139 51.253775
85.3239605 27.7172453
-85.67003319999999 43.0386368
8.5809424 53.5395845
-85.8649408 37.7030646
-86.00195149999999 42.66735260000001
-86.00195149999999 42.66735260000001
-86.1089301 42.7875235
-8.611785099999999 41.1238759
-86.1180435 39.978371
8.612374599999999 46.5286074
-86.158068 39.768403
-86.19699709999999 43.07696250000001
-86.23793280000001 41.7001908
-86.25198979999999 41.6763545
-86.39027 35.8456213
-86.39027 35.8456213
-86.39027 35.8456213
-86.5163833 36.5817089
-86.52638569999999 39.165325
8.675277 9.081999
-86.7816016 36.1626638
8.6821267 50.1109221
8.6821267 50.1109221
8.6821267 50.1109221
-87.0738851 20.6295586
-87.1250154 39.523652
-87.1250154 39.523652
-87.1250154 39.523652
-87.19213599999999 14.0722751
-87.19213599999999 14.0722751
-87.56917349999999 33.2098407
-87.6297982 41.8781136
-87.6297982 41.8781136
-87.6297982 41.8781136
-87.6297982 41.8781136
-87.6297982 41.8781136
-87.6297982 41.8781136
-87.6297982 41.8781136
-87.6297982 41.8781136
-87.6297982 41.8781136
-87.6847684 41.5428123
-87.71453 43.7508284
-87.81394829999999 41.8978091
-87.9064736 43.0389025
-87.9064736 43.0389025
-87.9372908 42.0664167
8.8016937 53.07929619999999
8.8016937 53.07929619999999
8.8016937 53.07929619999999
8.8016937 53.07929619999999
8.8016937 53.07929619999999
8.8016937 53.07929619999999
8.8016937 53.07929619999999
8.8016937 53.07929619999999
-88.019826 44.51915899999999
-88.019826 44.51915899999999
-88.1132737 14.7575652
-88.1535352 41.7508391
-88.18705829999999 15.1179402
8.8250576 45.82059890000001
88.36389500000001 22.572646
-88.4811541 33.9331667
-88.8694951 14.5686384
-89.0667775 43.1683286
-89.0667775 43.1683286
-89.0667775 43.1683286
-89.0667775 43.1683286
-89.2181911 13.6929403
-89.2181911 13.6929403
-89.2181911 13.6929403
-89.2181911 13.6929403
-89.2181911 13.6929403
-89.2181911 13.6929403
-89.2181911 13.6929403
-89.2181911 13.6929403
-89.2181911 13.6929403
-89.2476823 48.3808951
-89.3985283 32.3546679
-89.3985283 32.3546679
-89.3985283 32.3546679
-89.3985283 40.6331249
-89.3985283 40.6331249
-89.4012302 43.0730517
-89.4012302 43.0730517
-89.4012302 43.0730517
-89.4012302 43.0730517
-89.4012302 43.0730517
-89.4012302 43.0730517
-89.4012302 43.0730517
-89.4012302 43.0730517
-89.4012302 43.0730517
-89.4012302 43.0730517
-89.4012302 43.0730517
-89.4012302 43.0730517
-89.4012302 43.0730517
-89.4012302 43.0730517
-89.4012302 43.0730517
-89.4012302 43.0730517
-89.4012302 43.0730517
-89.4012302 43.0730517
-89.4012302 43.0730517
-89.4012302 43.0730517
-89.4012302 43.0730517
-89.4012302 43.0730517
-89.4012302 43.0730517
-89.4012302 43.0730517
-89.4012302 43.0730517
-89.4012302 43.0730517
-89.4012302 43.0730517
-89.4012302 43.0730517
-89.4012302 43.0730517
-89.4012302 43.0730517
-89.4012302 43.0730517
-89.4012302 43.0730517
-89.4012302 43.0730517
-89.4012302 43.0730517
-89.4012302 43.0730517
-89.4012302 43.0730517
-89.4012302 43.0730517
-89.4012302 43.0730517
-89.4012302 43.0730517
-89.4012302 43.0730517
-89.4012302 43.0730517
-89.4012302 43.0730517
-89.4012302 43.0730517
-89.4012302 43.0730517
-89.4012302 43.0730517
-89.4012302 43.0730517
-89.4012302 43.0730517
-89.4012302 43.0730517
-89.4012302 43.0730517
8.946256 44.4056499
8.946256 44.4056499
8.946256 44.4056499
-89.5042876 43.09721740000001
-89.5925857 20.9673702
-89.5925857 20.9673702
-89.8620682 42.8102794
-90.0715323 29.95106579999999
-90.1717987 44.6688524
-90.19940419999999 38.6270025
90.4125181 23.810332
90.4125181 23.810332
90.4125181 23.810332
90.4125181 23.810332
-90.4974359 38.7881062
-90.8837982 46.5924428
-90.8837982 46.5924428
-90.9151014 33.4240055
-9.1393366 38.7222524
-91.4984941 44.811349
9.1639813 45.57116180000001
-91.6656232 41.9778795
-91.6656232 41.9778795
9.1859243 45.4654219
9.1859243 45.4654219
9.195464 48.8940624
9.195464 48.8940624
9.195464 48.8940624
-91.9887327 29.948261
9.2353348 49.8943862
-9.2600341 39.09177589999999
92.9375739 26.2006043
-93.09053349999999 45.0914155
-93.097702 41.8780025
-93.15161239999999 45.1485771
-93.2173758 30.2265949
-93.23494889999999 45.1607987
-93.239334 33.2670725
-93.2650108 44.977753
-93.2650108 44.977753
-93.2650108 44.977753
-93.2650108 44.977753
-93.2650108 44.977753
-9.3320856 38.9443106
-9.3320856 38.9443106
-93.6091064 41.6005448
-93.6091064 41.6005448
-93.8855768 41.6119903
-94.1641741 33.4834802
-94.18746329999999 44.2760774
-94.2088172 36.3728538
-94.2088172 36.3728538
-94.2088172 36.3728538
-94.2088172 36.3728538
-94.2088172 36.3728538
-94.2088172 36.3728538
-94.2088172 36.3728538
-94.2088172 36.3728538
-94.3821724 38.9108408
-94.6858998 46.729553
-94.6858998 46.729553
9.501785 56.26392
9.501785 56.26392
9.501785 56.26392
9.501785 56.26392
9.501785 56.26392
9.501785 56.26392
9.501785 56.26392
9.536354099999999 55.7113112
-95.3698028 29.7604267
-95.3698028 29.7604267
-95.3698028 29.7604267
-95.3698028 29.7604267
-95.3698028 29.7604267
-95.3698028 29.7604267
-95.3698028 29.7604267
-95.3698028 29.7604267
-95.3698028 29.7604267
-95.4572034 37.6792135
-95.5377215 29.6185669
-9.5668632 52.15446069999999
-95.712891 37.09024
-95.712891 37.09024
-95.712891 37.09024
-95.712891 37.09024
-95.712891 37.09024
-95.712891 37.09024
-95.712891 37.09024
-95.712891 37.09024
-95.712891 37.09024
-95.712891 37.09024
-95.712891 37.09024
-95.712891 37.09024
-95.99277500000001 36.1539816
9.59935 54.68014239999999
-95.99798829999999 41.2523634
-95.99798829999999 41.2523634
-95.99798829999999 41.2523634
-95.99798829999999 41.2523634
-96.11080659999999 33.1384488
-96.2474785 33.3795549
-96.4341524 33.0276193
9.6501891 59.66887759999999
-96.56388 32.9029017
-96.5991593 32.76679550000001
-96.6694402 33.759271
-96.67057299999999 35.2245201
-96.6851982 40.8257625
-96.6851982 40.8257625
-96.6851982 40.8257625
-96.79698789999999 32.7766642
-96.79698789999999 32.7766642
-96.79698789999999 32.7766642
-96.79698789999999 32.7766642
-96.79698789999999 32.7766642
9.700946499999999 45.1610569
-97.05258719999999 46.8891374
-97.13306829999999 33.2148412
-97.13306829999999 33.2148412
9.716631399999999 61.5422752
9.7375498 56.2299583
-97.678896 30.5082551
-97.678896 30.5082551
-97.678896 30.5082551
-97.7430608 30.267153
-97.7430608 30.267153
-97.7430608 30.267153
-97.7430608 30.267153
-97.7430608 30.267153
-97.7430608 30.267153
-97.7430608 30.267153
-97.7430608 30.267153
-97.7430608 30.267153
-97.7430608 30.267153
-97.7430608 30.267153
9.7901525 48.0951473
9.7901525 48.0951473
9.792178 54.913811
-98.0031547 46.9233129
-98.0031547 46.9233129
-98.1836216 26.1947962
-98.20619959999999 19.0412967
-98.2625127 29.8752177
-98.6950595 33.8162095
-98.9799127 30.9093517
-98.9799127 30.9093517
98.99312839999999 18.787747
98.99312839999999 18.787747
99.0087221 18.5744606
-99.133208 19.4326077
-99.133208 19.4326077
-99.133208 19.4326077
-99.133208 19.4326077
-99.133208 19.4326077
-99.133208 19.4326077
-99.133208 19.4326077
-99.133208 19.4326077
-99.133208 19.4326077
-99.133208 19.4326077
-99.133208 19.4326077
-99.1732936 18.8954874
99.49087399999999 18.2888404
99.49087399999999 18.2888404
99.49087399999999 18.2888404
99.49087399999999 18.2888404
99.49087399999999 18.2888404
99.49087399999999 18.2888404
99.49087399999999 18.2888404
99.49087399999999 18.2888404
99.49087399999999 18.2888404
99.830955 19.9071656
99.840576 19.9104798
99.840576 19.9104798
99.8766825 13.8105014
-99.9018131 31.9685988
-99.9018131 31.9685988
-99.9018131 31.9685988
-99.9018131 31.9685988
-99.9018131 31.9685988
-99.9018131 31.9685988
-99.9018131 41.4925374
99.9599033 8.432483099999999
