1347821897.0 3
1347921934.0 1
1348053405.0 4
1348154626.0 4
1348260044.0 2
1348502447.0 3
1348642205.0 3
1348752422.0 2
1349110478.0 1
1349327238.0 1
1349421665.0 1
1349529953.0 4
1349683179.0 2
1349806550.0 3
1350079704.0 1
1350189588.0 1
1350305042.0 2
1350589820.0 2
1350751776.0 3
1350957137.0 2
1351052661.0 3
1351157587.0 1
1351323495.0 2
1351452526.0 1
1351641588.0 1
1351737105.0 3
1351940840.0 1
1352050653.0 1
1352189793.0 1
1352480472.0 3
1352678213.0 1
1352797222.0 1
1352893386.0 2
1353079191.0 5
1353265203.0 2
1353388163.0 3
1353523356.0 2
1353747216.0 3
1353863719.0 1
1353962274.0 5
1354048815.0 3
1354192613.0 4
1354280094.0 6
1354372729.0 4
1354516009.0 1
1354688448.0 3
1354813956.0 3
1355071300.0 2
1355270379.0 1
1355401869.0 6
1355588876.0 3
1355766030.0 5
1355885111.0 2
1355982246.0 2
1356240045.0 1
1356359188.0 2
1356513001.0 3
1356605105.0 4
1356700945.0 2
1356794306.0 2
1356922718.0 2
1357071572.0 3
1357176612.0 3
1357312848.0 4
1357413872.0 1
1357575554.0 3
1357715791.0 2
1357849165.0 2
1358029856.0 2
1358176492.0 4
1358278336.0 4
1358405763.0 2
1358499632.0 4
1358710386.0 3
1358876447.0 2
1358977058.0 2
1359119864.0 4
1359297179.0 2
1359434192.0 2
1359553249.0 5
1359677927.0 3
1359820864.0 3
1359987923.0 2
1360090295.0 3
1360201557.0 4
1360317439.0 2
1360456132.0 2
1360606334.0 1
1360712600.0 6
1360799615.0 4
1360951800.0 3
1361044709.0 7
1361136068.0 2
1361245732.0 4
1361363848.0 1
1361453280.0 1
1361575119.0 6
1361870011.0 2
1361974324.0 3
1362071299.0 5
1362228585.0 3
1362329648.0 4
1362464746.0 3
1362578525.0 5
1362748030.0 1
1362910608.0 3
1362999399.0 2
1363202767.0 5
1363312819.0 3
1363487914.0 3
1363612996.0 4
1363706178.0 9
1363841361.0 4
1364175499.0 4
1364332798.0 3
1364479404.0 2
1364789462.0 5
1364881205.0 6
1365202182.0 3
1365408920.0 1
1365516329.0 3
1365738579.0 7
1365878699.0 3
1365980738.0 4
1366183784.0 5
1366372948.0 2
1366564045.0 3
1366715557.0 2
1366841194.0 5
1366966656.0 2
1367109374.0 2
1367236823.0 4
1367395227.0 2
1367502277.0 3
1367610196.0 4
1367714938.0 6
1367944870.0 6
1368121295.0 4
1368510818.0 4
1368602820.0 2
1368700440.0 6
1368795837.0 1
1368883538.0 6
1368975367.0 7
1369118686.0 3
1369207071.0 3
1369303991.0 4
1369408132.0 3
1369591012.0 2
1369693012.0 1
1369829778.0 8
1369975441.0 3
1370076521.0 4
1370163690.0 4
1370255823.0 1
1370343329.0 3
1370438335.0 13
1370575668.0 1
1370687974.0 1
1370891123.0 5
1371000446.0 5
1371089947.0 6
1371182531.0 7
1371307051.0 4
1371410315.0 6
1371500896.0 6
1371640619.0 7
1371740350.0 4
1371912601.0 3
1372056993.0 3
1372159068.0 4
1372264385.0 4
1372361950.0 1
1372619539.0 2
1372766668.0 1
1372867383.0 3
1373051736.0 6
1373162140.0 5
1373292879.0 2
1373439236.0 2
1373544418.0 2
1373651242.0 2
1373852423.0 3
1373948006.0 4
1374105343.0 4
1374248808.0 2
1374370689.0 3
1374507007.0 3
1374625441.0 5
1374731472.0 5
1374863571.0 4
1374977677.0 6
1375064355.0 5
1375157838.0 2
1375244405.0 1
1375362305.0 3
1375598885.0 4
1375715708.0 3
1375836810.0 6
1375969312.0 3
1376153011.0 1
1376271090.0 3
1376506144.0 1
1376607753.0 5
1376762485.0 5
1376888029.0 5
1377001385.0 3
1377156840.0 5
1377252846.0 1
1377628813.0 3
1377720667.0 4
1377815443.0 1
1378091055.0 3
1378180435.0 2
1378302215.0 2
1378394687.0 6
1378487643.0 1
1378669980.0 2
1378793380.0 4
1379004162.0 4
1379158547.0 3
1379284631.0 2
1379376164.0 3
1379525680.0 3
1379620058.0 7
1379768766.0 4
1379861972.0 11
1379960123.0 4
1380050922.0 2
1380139896.0 4
1380243517.0 2
1380376624.0 8
1380464587.0 3
1380571455.0 4
1380695967.0 2
1380783771.0 2
1380939250.0 6
1381069312.0 4
1381177172.0 3
1381292558.0 8
1381493126.0 4
1381652472.0 2
1381759260.0 4
1381849009.0 4
1381942533.0 5
1382034761.0 10
1382131049.0 2
1382226456.0 1
1382388111.0 4
1382537340.0 4
1382634334.0 4
1382842811.0 4
1382955240.0 8
1383048465.0 3
1383148830.0 4
1383254526.0 4
1383459425.0 3
1383549665.0 2
1383644821.0 3
1383754262.0 7
1383908275.0 5
1384004849.0 4
1384105088.0 2
1384198093.0 6
1384343330.0 6
1384430398.0 8
1384665023.0 4
1384787736.0 4
1384879879.0 5
1384968302.0 4
1385054727.0 8
1385147777.0 2
1385268699.0 4
1385357720.0 7
1385454375.0 5
1385543525.0 8
1385634193.0 4
1385754324.0 5
1385897957.0 7
1385990949.0 4
1386096675.0 5
1386222141.0 9
1386339262.0 3
1386434535.0 7
1386524686.0 2
1386614227.0 9
1386700712.0 4
1386787605.0 3
1386883922.0 10
1387019448.0 5
1387129568.0 1
1387270504.0 3
1387385799.0 4
1387478937.0 6
1387568879.0 4
1387822744.0 2
1387939740.0 5
1388050933.0 4
1388175169.0 8
1388332284.0 1
1388421488.0 2
1388588137.0 5
1388677486.0 1
1388788537.0 2
1388885773.0 3
1388972792.0 1
1389073158.0 5
1389239652.0 3
1389370137.0 4
1389485351.0 1
1389597327.0 2
1389701444.0 2
1389860248.0 4
1389984305.0 2
1390123683.0 9
1390243032.0 6
1390359909.0 6
1390458103.0 4
1390587118.0 3
1390689742.0 3
1390823523.0 9
1390922142.0 2
1391020624.0 6
1391143085.0 2
1391258213.0 3
1391353575.0 6
1391456870.0 1
1391587957.0 9
1391688242.0 4
1391833022.0 2
1391924745.0 4
1392045543.0 9
1392179587.0 5
1392286629.0 3
1392373880.0 12
1392495564.0 6
1392643411.0 7
1392744660.0 4
1392831385.0 4
1392966290.0 3
1393053650.0 6
1393169842.0 5
1393261619.0 4
1393368886.0 20
1393477150.0 7
1393612629.0 4
1393701245.0 1
1393822775.0 4
1393916819.0 5
1394012866.0 7
1394126836.0 4
1394215614.0 5
1394302605.0 6
1394457760.0 7
1394548435.0 5
1394650457.0 7
1394761505.0 5
1394913146.0 2
1395029189.0 6
1395139609.0 3
1395238624.0 12
1395329400.0 6
1395424666.0 7
1395558676.0 4
1395686403.0 5
1395790077.0 8
1395908343.0 2
1396002188.0 4
1396092158.0 4
1396182979.0 5
1396270572.0 3
1396357649.0 7
1396463393.0 5
1396570267.0 9
1396661902.0 3
1396770266.0 2
1396871476.0 5
1397016429.0 17
1397105204.0 7
1397200052.0 5
1397329678.0 3
1397427501.0 3
1397577763.0 3
1397697679.0 2
1397790006.0 5
1397888176.0 5
1398002373.0 3
1398093239.0 4
1398217125.0 6
1398366001.0 7
1398456395.0 7
1398564020.0 2
1398663456.0 4
1398762324.0 5
1398858441.0 7
1398949543.0 7
1399036255.0 10
1399197563.0 3
1399291780.0 6
1399385593.0 5
1399547933.0 5
1399659744.0 6
1399827479.0 6
1399974930.0 6
1400062178.0 3
1400152504.0 2
1400239257.0 5
1400341536.0 7
1400433237.0 12
1400522938.0 7
1400614910.0 1
1400724507.0 5
1400848150.0 4
1400948878.0 6
1401141446.0 2
1401230299.0 11
1401353296.0 11
1401451017.0 8
1401590677.0 3
1401688680.0 3
1401838159.0 5
1401928116.0 4
1402014829.0 2
1402115489.0 2
1402218451.0 4
1402312584.0 4
1402451806.0 3
1402546802.0 9
1402677521.0 3
1402790315.0 4
1402885654.0 2
1402990945.0 7
1403080076.0 5
1403171790.0 3
1403265817.0 3
1403374862.0 6
1403503349.0 2
1403612568.0 2
1403708151.0 4
1403800053.0 4
1403897682.0 4
1404041910.0 6
1404138424.0 3
1404226924.0 13
1404339608.0 7
1404434582.0 5
1404523510.0 2
1404654051.0 2
1404750617.0 5
1404870463.0 6
1405005630.0 1
1405123038.0 4
1405235287.0 5
1405327066.0 5
1405430505.0 7
1405520289.0 7
1405607372.0 5
1405708556.0 5
1405829431.0 2
1405961142.0 3
1406106621.0 4
1406193860.0 9
1406356677.0 1
1406454508.0 5
1406615565.0 12
1406711127.0 15
1406803323.0 5
1406895531.0 432
1407056766.0 7
1407168504.0 5
1407265117.0 5
1407413974.0 6
1407510347.0 9
1407621118.0 3
1407745318.0 3
1407856017.0 4
1407946582.0 9
1408033235.0 6
1408139732.0 4
1408289172.0 2
1408413868.0 4
1408536571.0 4
1408667432.0 4
1408781387.0 2
1408905208.0 2
1409031977.0 7
1409133262.0 3
1409220191.0 4
1409308667.0 7
1409416284.0 2
1409520723.0 6
1409607950.0 3
1409741470.0 3
1409845637.0 2
1409936311.0 3
1410031836.0 3
1410149161.0 3
1410241441.0 6
1410330776.0 7
1410417838.0 7
1410504733.0 9
1410591684.0 13
1410678541.0 20
1410765196.0 44
1410851648.0 116
1410938495.0 11
1411031644.0 6
1411168366.0 4
1411261437.0 7
1411365396.0 4
1411465955.0 4
1411564036.0 5
1411652796.0 7
1411763204.0 6
1411963706.0 7
1412074301.0 4
1412182409.0 6
1412285845.0 5
1412430224.0 6
1412536074.0 6
1412652773.0 4
1412772542.0 4
1412874909.0 13
1412994578.0 10
1413101346.0 4
1413188432.0 7
1413276091.0 9
1413467659.0 4
1413567929.0 5
1413660710.0 11
1413748363.0 15
1413875935.0 5
1413962823.0 5
1414052935.0 5
1414146955.0 3
1414233409.0 7
1414322001.0 7
1414424714.0 7
1414518166.0 13
1414637803.0 8
1414735998.0 3
1414824272.0 5
1414911610.0 7
1415011269.0 6
1415114932.0 12
1415212819.0 9
1415322212.0 15
1415410039.0 4
1415503603.0 9
1415597868.0 7
1415696334.0 4
1415788411.0 13
1415881836.0 12
1415974741.0 7
1416106629.0 11
1416195978.0 12
1416291003.0 8
1416395376.0 4
1416488167.0 15
1416578515.0 5
1416670798.0 15
1416761507.0 12
1416861084.0 13
1416972368.0 6
1417059490.0 12
1417148046.0 15
1417294183.0 13
1417386097.0 13
1417480585.0 15
1417567717.0 14
1417658236.0 13
1417746565.0 6
1417881593.0 13
1417990323.0 13
1418077437.0 11
1418167711.0 18
1418271936.0 9
1418363603.0 28
1418458391.0 6
1418567070.0 15
1418659216.0 14
1418746789.0 16
1418838695.0 13
1418926182.0 10
1419013968.0 20
1419109259.0 3
1419201786.0 8
1419291671.0 12
1419387363.0 14
1419493318.0 10
1419583752.0 8
1419674604.0 10
1419792359.0 8
1419879242.0 10
1420015698.0 15
1420120722.0 5
1420210902.0 10
1420300139.0 7
1420404644.0 9
1420502365.0 6
1420601055.0 18
1420702165.0 17
1420793035.0 12
1420889324.0 23
1420978479.0 29
1421068362.0 25
1421155122.0 24
1421242107.0 18
1421333823.0 28
1421427146.0 12
1421518897.0 19
1421629275.0 10
1421744573.0 13
1421834656.0 16
1421923782.0 14
1422014463.0 6
1422102002.0 16
1422204277.0 13
1422290996.0 18
1422378358.0 15
1422468390.0 15
1422571693.0 11
1422668165.0 12
1422757681.0 12
1422857299.0 14
1422953715.0 13
1423048495.0 20
1423143753.0 18
1423230598.0 13
1423330478.0 22
1423420974.0 16
1423509282.0 12
1423596922.0 15
1423688444.0 31
1423775503.0 23
1423862823.0 15
1423949625.0 11
1424041766.0 11
1424144252.0 19
1424245900.0 21
1424333594.0 28
1424430699.0 26
1424520765.0 14
1424608878.0 13
1424695707.0 19
1424786667.0 19
1424886603.0 15
1424973903.0 44
1425065868.0 19
1425156764.0 15
1425247367.0 28
1425355468.0 24
1425461214.0 23
1425548884.0 19
1425640702.0 28
1425730248.0 12
1425818486.0 10
1425908159.0 17
1426002305.0 15
1426089465.0 18
1426175991.0 18
1426266435.0 14
1426358933.0 14
1426450701.0 25
1426549950.0 21
1426654373.0 17
1426741503.0 18
1426831742.0 26
1426926399.0 24
1427020042.0 15
1427108079.0 19
1427200561.0 17
1427292434.0 25
1427383101.0 22
1427470471.0 13
1427558821.0 24
1427645826.0 25
1427733780.0 39
1427821511.0 22
1427910107.0 19
1428008249.0 26
1428108286.0 18
1428200988.0 13
1428289848.0 30
1428377623.0 25
1428468425.0 37
1428560682.0 36
1428647127.0 10
1428744337.0 19
1428831231.0 30
1428933232.0 25
1429020018.0 20
1429106838.0 20
1429196333.0 19
1429283414.0 16
1429371389.0 17
1429458228.0 24
1429545668.0 30
1429632155.0 32
1429722855.0 26
1429815235.0 22
1429902398.0 29
1429991685.0 22
1430090054.0 21
1430181011.0 19
1430278014.0 23
1430368780.0 36
1430458254.0 19
1430547964.0 18
1430638403.0 34
1430727181.0 26
1430817249.0 26
1430904759.0 29
1430991731.0 28
1431079238.0 20
1431175428.0 13
1431261874.0 25
1431348971.0 18
1431437501.0 20
1431525414.0 24
1431619322.0 43
1431706287.0 20
1431792818.0 23
1431887800.0 26
1431975425.0 46
1432073057.0 28
1432166953.0 39
1432254557.0 30
1432342871.0 24
1432441033.0 24
1432527437.0 30
1432619130.0 32
1432706828.0 47
1432793912.0 27
1432893401.0 29
1432981399.0 18
1433074633.0 36
1433161274.0 40
1433251122.0 27
1433339358.0 17
1433429698.0 31
1433518431.0 23
1433605188.0 16
1433692617.0 30
1433780621.0 36
1433868819.0 35
1433955324.0 43
1434042903.0 54
1434142402.0 22
1434232506.0 32
1434335523.0 33
1434422541.0 27
1434511257.0 30
1434603432.0 32
1434690839.0 44
1434778672.0 20
1434867355.0 22
1434953763.0 27
1435043613.0 40
1435136097.0 39
1435236941.0 51
1435326076.0 20
1435414616.0 21
1435503652.0 28
1435590907.0 87
1435684805.0 30
1435773460.0 39
1435861048.0 36
1435949713.0 16
1436038501.0 19
1436129450.0 27
1436226663.0 20
1436319658.0 31
1436406636.0 26
1436493962.0 26
1436598418.0 25
1436694755.0 25
1436786916.0 26
1436878223.0 22
1436965829.0 67
1437058619.0 21
1437145928.0 21
1437232478.0 19
1437321221.0 22
1437409232.0 30
1437500138.0 41
1437593353.0 70
1437707779.0 19
1437796428.0 43
1437885882.0 30
1437974866.0 34
1438061735.0 41
1438151041.0 65
1438237546.0 60
1438325081.0 36
1438413952.0 21
1438509561.0 22
1438602066.0 23
1438689995.0 25
1438776824.0 83
1438867599.0 36
1438954190.0 24
1439041205.0 15
1439132554.0 27
1439220350.0 26
1439308659.0 23
1439399231.0 118
1439490445.0 34
1439577309.0 21
1439664429.0 21
1439756677.0 25
1439856008.0 32
1439944467.0 74
1440032199.0 22
1440122859.0 37
1440213563.0 28
1440304221.0 40
1440391560.0 44
1440485283.0 28
1440572894.0 34
1440663357.0 35
1440755877.0 53
1440845351.0 32
1440931843.0 26
1441020920.0 30
1441117204.0 40
1441205212.0 41
1441294136.0 33
1441381935.0 33
1441468727.0 33
1441561250.0 34
1441648702.0 56
1441736338.0 19
1441823430.0 43
1441910353.0 22
1441997977.0 41
1442084379.0 28
1442172058.0 31
1442260246.0 53
1442351720.0 32
1442441737.0 78
1442533714.0 72
1442631894.0 43
1442718839.0 34
1442805575.0 37
1442893797.0 32
1442983677.0 59
1443071837.0 42
1443158957.0 40
1443252388.0 50
1443338815.0 42
1443425923.0 43
1443512805.0 59
1443603722.0 35
1443690336.0 42
1443779280.0 52
1443866374.0 34
1443954178.0 29
1444042865.0 21
1444130017.0 61
1444231974.0 36
1444318673.0 54
1444406450.0 41
1444496574.0 47
1444583731.0 37
1444677122.0 40
1444767124.0 77
1444863115.0 39
1444955964.0 45
1445048013.0 39
1445134815.0 33
1445224154.0 42
1445313702.0 24
1445400921.0 43
1445490587.0 47
1445578216.0 60
1445668374.0 38
1445756530.0 39
1445843501.0 55
1445941292.0 61
1446029986.0 44
1446117487.0 52
1446204044.0 40
1446291302.0 66
1446379909.0 58
1446466622.0 58
1446555470.0 57
1446643859.0 45
1446731168.0 36
1446818213.0 48
1446907480.0 72
1446995919.0 31
1447082935.0 53
1447169720.0 56
1447257018.0 48
1447344058.0 65
1447432555.0 52
1447520915.0 29
1447607532.0 68
1447694476.0 62
1447781155.0 41
1447870507.0 67
1447961586.0 65
1448049445.0 59
1448140521.0 50
1448229650.0 87
1448320121.0 60
1448408119.0 55
1448496307.0 80
1448584822.0 65
1448673852.0 69
1448761947.0 62
1448848718.0 59
1448935558.0 79
1449029220.0 66
1449116701.0 105
1449204024.0 99
1449292596.0 64
1449382055.0 57
1449468468.0 75
1449556011.0 74
1449649354.0 76
1449736389.0 94
1449825633.0 64
1449912796.0 42
1450000101.0 68
1450086520.0 71
1450173068.0 67
1450260246.0 63
1450347377.0 66
1450435138.0 61
1450523251.0 77
1450610254.0 51
1450697257.0 73
1450783725.0 74
1450870198.0 63
1450960553.0 41
1451047138.0 53
1451139680.0 35
1451227414.0 80
1451314496.0 58
1451402536.0 72
1451490511.0 53
1451578556.0 48
1451665868.0 58
1451752586.0 40
1451839765.0 65
1451926507.0 79
1452013572.0 89
1452100094.0 75
1452187026.0 55
1452273631.0 53
1452360041.0 71
1452447435.0 103
1452534690.0 78
1452622014.0 106
1452709790.0 85
1452796262.0 70
1452884733.0 61
1452971973.0 100
1453061115.0 64
1453148371.0 67
1453235030.0 144
1453321830.0 90
1453408355.0 90
1453495395.0 75
1453582478.0 90
1453669539.0 97
1453758498.0 95
1453845336.0 86
1453931770.0 93
1454019100.0 72
1454106555.0 88
1454193659.0 104
1454281625.0 77
1454373035.0 86
1454459658.0 104
1454546108.0 84
1454639571.0 58
1454729585.0 81
1454816360.0 88
1454905768.0 86
1454993233.0 84
1455083178.0 78
1455170371.0 102
1455258393.0 86
1455346247.0 65
1455433565.0 88
1455520319.0 94
1455606862.0 108
1455693280.0 101
1455783309.0 100
1455870208.0 151
1455956627.0 115
1456043328.0 128
1456130137.0 127
1456217492.0 117
1456304796.0 108
1456391488.0 108
1456479305.0 99
1456566382.0 102
1456653186.0 121
1456739724.0 149
1456826309.0 127
1456913076.0 123
1456999585.0 143
1457086165.0 152
1457172577.0 146
1457259786.0 133
1457346412.0 177
1457435219.0 187
1457522035.0 176
1457608470.0 239
1457694943.0 237
1457781428.0 206
1457868106.0 396
1457954640.0 3908
1458042194.0 1334
