-75.0 40.0
-79.9965 40.44
-77.226494 38.846696
-47.88095 -15.804583
-122.764713 44.578335
2.9816 53.402
73.99204 40.71751
-76.772377 -11.9772968
12.546301 55.652072
9.0499663353 54.4755687845
-55.9002399445 -27.3754258605
-75.4734 40.06509
153.0153 -27.4998
-122.18 47.89
23.7 61.5
-0.24503012 52.58557075
117.0 33.0
-117.123352 32.578477
33.57163 34.849262
174.8475 -37.179444
-96.771142 40.794278
-122.186 47.896
-105.2059 40.06113
152.91 -27.49
152.91 -27.49
-87.668393 41.976186
64.5 31.5
151.110248 -33.71584
-73.92861 45.69439
139.706587 35.721204
4.6309517 50.8998005
-120.672342 35.31215
-122.1 37.4
4.65 52.37
-97.10772 32.7356
9.2476 47.733221
114.0 22.0
10.402924 63.416975
-74.0 40.0
121.471377 25.134072
-120.668381 35.302512
9.569435 55.301597
11.583 48.15
139.706587 35.721204
2.651289 39.572823
113.0 22.0
11.580716 50.922853
-74.065849185 4.627911662
-3.3945152164 50.7189672223
-83.6301183701 42.9274570167
23.834152 38.075519
-55.893579 -27.364637
153.038757 -27.410119
121.640625 25.1651733687
-74.0666055679 4.631478767
-123.0507 49.123
40.0 30.0
35.70135 38.79913
-55.824444 -27.913333
25.615053 -33.964994
102.276701 2.25348
-48.01411 -15.833215
122.39 49.07
106.83 -6.22
151.116667 -33.75
6.5093994141 53.3643822113
-74.43244 40.50561
-122.8413114 45.5477273
-4.1231453419 40.9550396899
-4.1231453419 40.9550396899
-81.147539 36.157834
11.184305 43.764489
10.415039 51.151786
11.146721 43.7965
-5.617189 41.848082
-5.664482 40.935173
13.0 38.0
-93.58852 45.135661
-9.00252 53.29141
4.0991449356 48.3032937623
-2.4667 47.6667
-80.22 40.5
-2.986 52.782
-2.4667 47.6667
-8.3951235 43.3712857
-0.2 51.6
121.066504 14.65806
7.601252 52.673194
-2.4667 47.6667
102.103684 12.662735
37.61 55.75
-79.494833 39.866039
-0.2 51.6
-105.0 40.0
7.70178 44.99002
-68.667678 44.90251
-121.974678 37.230465
-1.63294 51.011706
139.7000066703 35.7201760447
2.28 48.89
-0.319769 49.176963
-97.0 18.0
-79.371498 43.650485
105.767806 20.9644
6.0 49.0
48.0 27.0
138.67 -34.85
-38.501383 -3.793174
4.8 52.5
3.1022644043 49.0207597834
153.0154162645 -27.4998352642
14.485677 46.084552
236.45 4853.87
-84.09774 33.997948
-55.893579 -27.364637
80.2543741 50.4046601
-71.330417 42.598633
8.89 45.58
8.89 45.58
-1.9046902657 52.4391908707
-0.2514195442 40.4278879033
26.0 47.0
8.89 45.58
9.50679 45.6584
6.813794 47.096218
-121.974678 37.230465
2.131644 41.364808
23.7973603 61.3748075
-0.170154 51.524879
139.343719 35.721639
-77.124835 39.729578
9.0 45.0
-71.306205 46.727437
28.776323 40.996209
103.33 1.23
74.8 12.87
0.267835 49.37698
2.3079389325 48.8723306377
-87.667453 41.905543
4.6312 51.0
44.7876575589 41.702519491
10.42039 43.70645
6.962387 49.202498
4.362979 46.67413
27.290649 36.889077
23.654991 37.93973
27.285466 36.881322
-81.371965 28.663334
-121.97826 37.960762
116.1369895935 -33.9583115315
3.979376 46.480798
-73.258703 44.512687
-2.2749960423 57.0958480322
-2.2749960423 57.0958480322
12.619759 46.17983
-5.472157 50.185177
138.53 -34.9
-100.0 -100.0
-48.0278559699 -15.8613051299
-48.0182361603 -15.8326638895
20.0 50.0
23.591938 61.473666
-9.14546 38.73049
-114.020278 51.113888
-56.0 -15.0
7.575752 47.066931
4.62128 52.46
-122.0 47.0
-95.61354 30.02838
9.6606969833 59.0453224182
-79.203707 43.151098
13.32935 52.413107
4.86389 52.3008
-49.322991 -25.644152
91.315 53.835
120.9497222222 24.4188888889
120.9497222222 24.4188888889
-71.472967 42.49005
138.597646 -34.856709
1.988 41.2755
5.78756332 53.11759789
-6.2078024447 53.3206611089
-85.37139 38.409011
-8.0 41.0
72.821347 18.914899
5.036389 45.842778
2.199497 48.847999
-117.244319 32.80592
6.111939 49.322437
-72.763245 43.262691
-79.6493 40.4126
-85.172512 45.676513
126.35 34.7667
9.646704 47.30544
20.7034724951 53.8530138976
-88.204247 40.109665
-71.17 42.29
141.902044 42.73782
-2.302669 53.401364
2.1254897118 41.377798793
149.019295 -34.966209
5.15608 45.609657
5.15608 45.609657
5.15608 45.609657
34.988496 32.209229
105.78703 20.98154
2.344712 48.673905
130.418293 33.581805
130.418293 33.581805
100.511552 13.818238
130.418293 33.581805
-105.0 40.0
6.12527 46.21236
130.418293 33.581805
100.514946 13.82012
145.005 -37.89
38.8696289063 8.0915899228
-118.148239 34.129355
9.507 45.6581
9.507 45.6581
9.507 45.6581
-118.148239 34.129355
-80.61 28.0
-118.148367 34.128396
4.941366 44.860956
130.418293 33.581805
130.418293 33.581805
-86.52 39.14
23.4514331818 59.9753735354
13.796654 47.956778
130.418293 33.581805
-71.3954687119 42.0692704809
-79.394084 43.660852
20.852907 39.660127
77.5833 12.9833
126.4382439852 34.913646528
9.223631 48.868349
-84.3 43.7
26.1 38.4
-86.162272 39.982519
5.15608 45.609657
-118.148263 34.129479
5.15608 45.609657
21.7299314 38.2445833
-48.061475 -15.801015
0.0 51.0
0.0 51.0
0.0 51.0
13.72029305 45.70427619
13.8 45.6333
33.0 22.0
14.805146 45.936421
12.5913780928 55.6595952745
3.96725 50.757116
10.257247 47.528936
11.1717222 45.9162777
67.075278 24.789722
5.15608 45.609657
-122.313056 37.554167
106.0 10.0
12.592 55.66
8.2721647 47.4239559
-1.696963 55.168878
-46.9033 -23.5285
-71.45 41.77
-0.065722 51.649364
12.7029418945 50.586070465
-71.45 41.77
3.7281686068 43.5589109001
139.667187 35.677683
-113.48075 53.577345
-0.13479 51.56548
145.098887 -37.824082
-78.654972 35.664548
8.3698 49.04267
16.5286517143 49.1942168004
-122.116983 37.398181
2.1254897118 41.377798793
0.21307 50.9925
-78.793755 35.568288
172.608845 -43.479383
-90.0 13.0
35.0 34.5
5.17 52.17
12.7029418945 50.586070465
-0.0603175163 51.8010850615
113.0 23.0
4.4090408742 46.168264526
77.2933104 28.5592382
-114.066667 51.05
10.401306 43.727196
-122.396 37.7665
106.0 10.0
13.5534 58.1583
-0.8789268476 41.6563251985
7.058201 46.656661
-122.876727 49.05194
-47.8912054002 -15.8051817254
24.70399 41.57635
-48.1700478494 -15.7439307931
6.21 46.09
146.15 -38.2
9.7 52.37
25.251612 53.906367
20.8935781677 44.0062600521
151.4339404 -33.4652738
-9.4 39.6
-79.888687 43.257206
5.2833333 52.05
4.8889160156 52.3420516364
11.56875278 48.60781389
-5.65 43.53
7.305006 51.546294
15.452629 47.069082
-1.2478 52.7583
7.34504 47.751816
9.0 47.0
122.0 45.0
16.82424 41.10747
16.74636 41.09466
-0.325432 51.237195
141.452788 -31.96249
-117.1736680352 32.8865107037
-96.0 42.0
27.053534 40.0111
6.22276 50.77729
-9.3033224344 38.7371427318
-1.55 48.3333
-117.42257 47.66448
1.124253 49.81093
-122.026389 36.971944
105.83295 21.02569
-105.270546 40.014986
-0.792307 53.078533
5.15608 45.609657
5.15608 45.609657
5.15608 45.609657
7.350331 49.450523
139.667187 35.677683
114.1689 22.4518
-122.122447 47.603243
-48.017778 -15.835278
13.5612 52.5756
-71.34994 42.30007
2.344712019 48.6737775191
24.901303 60.485444
-95.61354 30.02838
106.0 10.0
-118.225594 34.079963
-121.884041 37.352693
76.4882540703 9.0938123391
11.0 10.0
-117.023084 32.767829
-117.023084 32.767829
-110.0 40.0
24.948839 60.1690669
17.0 52.0
37.5542 122.3131
27.053534 40.0111
27.053534 40.0111
22.510178 114.055574
-47.048626 -23.260839
103.9011515 1.3128048
27.053534 40.0111
27.053534 40.0111
27.053534 40.0111
27.053534 40.0111
38.0 3.0
-37.071943 -10.945924
-88.275533 43.073956
27.053534 40.0111
-46.687349 -23.733439
55.051975 24.939837
-71.34994 42.30007
18.580114 -33.668622
-95.6 30.03
-3.7852489473 39.4507949023
4.714226 45.805858
10.4222234 43.7185511
-3.6846621 40.4370974
10.4222234 43.7185511
10.4222234 43.7185511
23.8269675 38.0446446
23.8269675 38.0446446
23.8269675 38.0446446
-79.242869 42.94515
-46.0 -23.0
-3.7852489473 39.4507949023
8.291017 47.066855
7.746701 52.287837
-1.8439 52.4598
-106.77834 32.31232
-1.6 47.24
1.4007568359 43.9255936636
7.095834 51.1805
106.684946 -6.224892
75.570091 13.938399
15.9269 52.780599
17.0 59.1
55.22437 25.16692
0.0 750.0
-1.6333 47.3333
10.150685 0.0
17.6188 62.5068
125.6078 7.0644
-71.1038 42.3813
37.613882 -6.856015
-96.74 33.05
18.43552 -33.689026
13.08463 55.655732
7.03608255 46.85463944
-97.537689 37.77
-47.059768 -22.921895
138.601 -34.929
1.420933 43.60235
-48.2622 -18.9113
14.916371 50.944003
-4.0017120979 40.4136295132
-87.9 42.13
22.22177 50.45818
120.0 30.0
4.6686315059 52.1217924393
-27.258 153.008
32.0 115.0
-84.18636 35.97429
106.747326 -6.235373
8.02 43.88
22.151527 49.925505
-88.2433829 40.1164204
12.52739 55.791
18.3780777454 43.847387898
-0.6345 53.57975
15.799321 50.03867
18.183369 59.269899
20.540986 51.933735
-99.14 23.73
-98.237063 19.001034
-99.14 23.73
-99.14 22.7
29.00027 41.0472
14.332051 40.820662
2.93043 47.573008
2.93043 47.573008
0.424689 49.727129
13.487047 48.208441
8.7063222222 50.2097638889
480.0 800.0
8.0927855109 58.1749125452
-3.7206745148 55.6911388696
8.9167 45.7
-43.3022984 -22.6427551
-73.3941562 45.7905222
27.053534 40.0111
28.48 41.0
-1.488479 52.895856
-77.0 38.0
-83.7430378 42.2808256
-91.505355 41.637258
-70.654195 -33.441702
100.691 13.845
-114.07 51.05
4.91468 44.002369
16.8380666666 45.8974333333
-47.97 -15.18
8.444372 50.240862
-73.3941562 45.7905222
-1.121415 48.54317
10.138208 54.342777
-97.0 49.0
-88.094167 40.52175
37.352824 -3.076171
144.964873 -37.808057
-72.5194 43.6236
-75.93 45.32
0.52 41.39
-157.85833 21.30694
60.0 60.0
16.0 50.0
12.4528 55.7614
-4.095418 51.691021
-93.755654 44.782597
28.0 -26.0
-73.6736 45.50664
-87.667957 41.979843
-0.293513 52.214194
-122.278592 37.822977
-77.154325 38.785266
-72.47 41.7654321
-4.7064896 41.6192
-3.6323 40.4426
-71.419557 42.116826
146.8183 -19.2564
-66.882419 10.410977
-6.27489 38.848741
-71.433 42.845
7.11728 46.4202
2.131644 41.364808
-83.695455 43.019518
-80.244281441 26.080655959
-7.127206 52.25227
14.612915 50.9099793
13.4997 52.5133
101.696565 3.046529
-73.92 41.09
18.41 53.03
144.539 -38.213
42.99651 -87.899965
-0.017341 50.796442
139.669036 35.643975
139.669036 35.643975
6.681765 51.19645
16.85392 49.081366
20.303377 63.851016
-0.179552 51.421536
9.433333 45.683333
18.565621 54.439503
77.32 28.57
9.056931 45.424799
9.279471 48.886032
8.4011715 52.0693174
15.4622 58.33122
-100.4699707031 28.6628762273
145.4878 -38.0712
-100.4699707031 28.6628762273
100.613 14.0792
20.26302 63.825824
-117.55508 34.095591
2.4152219 48.8216947
101.696565 3.046529
7.25261 51.29141
116.499241 39.982058
116.407241 39.952058
5.1788 52.1745
23.0513 39.3245
6.0235762596 48.9517610241
-96.74 33.05
-80.430122 43.377526
174.7655016 -36.847491
6.0235762596 48.9517610241
76.198334 10.225878
20.3969477 44.8414368
-58.06 -34.22
24.9375 60.170833
-58.65672858 -34.44109216
-121.593842 39.814236
-113.834605 52.310393
-3.0 40.0
14.980784 50.374018
-114.113 51.08
-121.9721856 47.7347213
0.3935395479 52.2591707004
14.738239 49.438861
-95.61354 30.02838
156.0 5.0
-81.284233 28.298346
18.13212 53.1530437
18.13212 53.1530437
14.667021 49.991974
3.699719 51.051201
-122.34363564 47.64850551
21.0 51.0
6.15 49.22
-47.02 -23.32
29.014746 41.094112
23.277316 42.695855
26.164788 44.442878
-47.902832 -15.781425
-112.5341889 45.9971486
-84.0 10.0
-79.4012328 43.6642519
-117.23266 32.79209
-47.9057666 -15.8073326
107.6205556 -6.9127778
1.0 1.0
18.907777 65.244444
42.669537 -82.917175
11.2790966034 43.7834955908
19.2 50.15
-78.0127975344 40.4909221291
106.80034 47.8681
23.755796 37.983249
-0.060318 51.531801
-78.012855202 40.4909608862
-81.769535 28.552677
-78.012855202 40.4909608862
-0.981555 37.608743
-86.9245834 40.4226279
-3.556774 51.513406
-78.012855202 40.4909608862
19.0923243 50.0933879
-70.5073222 -33.5914191
21.398926 52.22107
-71.350525 42.299676
5.3 60.3
21.625208 47.543883
-80.414493 25.626277
33.0 33.0
-121.979726 37.355758
-80.414493 25.626277
4.29719 52.077208
25.408185 50.744374
4.76135 46.90704
16.469382 43.522849
26.046052 44.4406476
-73.9238896 40.7031651
14.5289 53.4091
16.79416 52.338738
16.469707489 43.5113471424
7.227506 50.328801
11.14 45.06
10.764562 59.910636
-79.97849 40.376244
-79.97849 40.376244
-79.97849 40.376244
-79.97849 40.376244
-80.414493 25.626277
3.160756 47.006395
-79.97849 40.376244
17.816111 48.248798
15.65796 50.631839
35.033581 48.525591
-49.252696 -25.277841
-96.642704 32.99755
-122.303718 47.602101
-79.97849 40.376244
-49.9849215 -20.4270658
60.0 50.0
-49.252696 -25.277841
151.207887 -33.859013
18.942084 53.643065
77.5983 13.1139
23.503239 46.740186
106.83 -6.22
-104.6088767052 39.3540197907
5.33051 49.71022
21.877281 38.324528
-79.97849 40.376244
-117.729505 33.571266
-1.124151 52.622656
-1.124151 52.622656
-2.589437 51.487953
-2.578185 51.459473
-6.303341 36.533528
-2.063369751 51.9470160323
5.17 53.17
23.074715 40.329534
23.074715 40.329534
5.227057 52.691001
-72.6192847 -38.7349922
16.0 49.0
127.0286457 37.5074616
127.0286457 37.5074616
-4.2 36.9
-95.660889 29.586536
26.045396 44.440088
74.354349 31.579646
16.683829 54.120661
11.516353 49.7387264
-79.9436 40.4433
-70.613855 -33.499858
-106.487983 35.311842
-73.981588 40.68363
-81.56488 30.107702
31.2 121.4
-6.247237 36.599648
-52.293885 -27.637677
13.849528 44.89354
7.505972 46.046449
7.505972 46.046449
7.505972 46.046449
7.505972 46.046449
7.505972 46.046449
12.5816747 43.3468936
10.356979 47.852995
-90.187439 30.000034
32.483333 37.866667
-74.2651 40.7858
12.7017791 56.0414347
-104.6086033294 39.3546316175
35.423539 -0.942782
35.346308 -0.78989
35.363794 -0.744336
-73.6736 45.50664
13.640514 45.087469
13.594098 45.223377
13.561094 45.317633
13.515379 45.440624
14.159222 45.077754
35.232847 -1.061882
35.231363 -1.058154
-87.623126 41.888829
456.0 123.0
-122.103925 47.552329
13.58 45.82
78.042155 27.175015
-56.4441585 -25.4635446
35.424305 -0.943496
-77.12477 39.729075
-73.97568941 40.7614309
-79.7325689 44.3708618
44.0 33.0
73.926607 18.502839
10.203008 56.155199
1000.0 1000.0
73.8567 18.5203
-5.5778519 42.5963326
73.8567 18.5155863
1.0 1.0
73.8567 18.5203
73.9417 18.4967
77.0 28.49
-73.97676229 40.75779018
-73.97568941 40.7558072
-73.97959471 40.75336903
-73.97281408 40.76422632
34.0 33.0
33.006917 34.661715
35.240107 32.851304
35.273409 32.932745
31.1 121.37
35.302119 32.702944
35.288858 32.867022
35.23839 32.750589
73.8667 18.5333
144.964997 -37.811314
-78.376926 0.37692
35.019095 -1.546258
35.084255 -1.423125
35.385963 -1.613518
35.208496 -1.444253
35.237512 -1.589612
35.404667 -1.442978
35.56137 -1.711903
35.008621 -1.404097
35.039138 -1.298409
35.034957 -1.397527
35.096922 -1.413459
35.405062 -1.444508
35.035871 -1.223984
35.19449 -1.436588
151.2094 -33.86
31.0 30.0
2.054005 41.389491
-73.987853 40.703288
35.684091 -0.593307
-0.522189 51.639785
9.9982 54.0614
39.897445 116.331398
2.4333 48.85
12.8306094 55.5743897
-0.087173 51.513693
11.8682962 45.3484444
35.34503 -0.789376
35.527221 -0.768255
35.14491 -1.147662
35.428574 -0.722226
-3.5195 50.3839
19.0923243 50.0933879
-4.222308 51.013841
23.7466613 37.9632573
-0.52054 51.638853
5.49167 51.76274
26.145491 44.453829
117.1625 32.715
78.476 17.366
37.61386389 -6.856019444
35.163933 -1.342753
35.250452 -1.189474
5.227046 52.6910311
-72.61987 -38.73497
-121.958413 37.767238
19.159386 50.573028
11.14331 49.35557
24.7865 60.4534
7.9450625 48.4747585
24.0096 49.8348
-119.520483 49.797762
-97.833333 22.25
-71.2423467636 42.6582333449
51.490741 25.375724
151.110452 -33.718589
-71.35189 42.2992683
146.063636 -38.204519
13.307576 52.3537113
-119.4436 49.881
7.5583 47.5083
-47.5 -15.5
-122.708628 45.447211
150.93253 -33.827866
15.0730506 49.9619325
-1.385656 50.931645
-4.4066259 55.8744913
103.82794 1.252233
1.8290948868 41.7368440328
22.0 33.0
-123.3657 48.4222
10.5 43.85
4.384 45.442
-0.827774 51.346057
45.0 34.0
19.1322778 47.4898416
51.490664 25.375852
23.742234 40.931504
-123.3657 48.4222
-97.2283452 32.5715036
-123.415765 48.491741
2.0 1.0
100.49769 7.005895
-0.827774 51.346057
17.4253010284 48.5041019786
4.6756 52.222
103.847562 1.3899
-44.2782703382 -2.536004371
2.294444 48.858333
-2.17 52.4
12.59406 47.82381
6.5862242 53.1967706
-44.205417 -2.540959
35.76044 45.387705
-86.0 39.0
4.753 52.007686
121.053407 14.663298
74.31864889 31.5643707
-5.98 37.38
32.323232 49.489949
103.75 1.382
-6.36 36.62
8.0 50.0
-79.3726 35.6129
-1.635146 50.969596
100.57493 13.79125
100.681383 13.989647
9.672214 45.711474
-97.936 29.528
106.878256 -6.412434
-81.7825914 24.5557025
151.207734 -33.870216
4.751619 45.591674
-43.39665 -22.96545
76.8333 17.3333
14.4656239 50.0596696
100.514284 13.82438
-93.389798 41.9383166
5.547519 51.469789
80.1725 13.0439
152.0 152.0
6.41431 50.91863
16.556078 40.832594
-119.4807802 49.8608959
-96.1570877 19.1866286
35.76044 45.387705
15.202829 60.125123
20.065683 49.503957
-67.087885 -39.099092
-79.6181173 43.5346825
67.089666 24.883318
-0.8982877731 51.389076396
96.328125 -8.7547947024
-1.08774304 41.46534606
-86.585 34.73
106.835255 -6.207606
6.6693799 50.6054229
4.35 50.85
15.0 50.0
12.131 51.548
15.9269 52.780599
-7.139878 52.246234
13.0 45.0
77.209 28.6139
18.94211 53.643068
14.4722766 50.1090895
22.0 51.0
4.99084 51.16257
1.0 41.0
29.082786 40.978267
29.090581 40.968082
14.916371 50.944003
13.650931 50.517104
-44.278395 -2.535944
17.500432 59.907626
23.6680664 41.0554373
23.8496 61.48503
28.590791 41.018468
37.61455278 -6.855616667
88.27 22.52
139.731439 35.674057
101.498 3.0657
21.011235 52.205004
-76.9861831 -0.4844411
103.78105 1.300442
13.6946 50.6255
78.476 17.366
19.1 50.1
-9.3062853822 38.698640251
-6.361299 53.298982
-77.154325 38.785266
16.307908 49.868902
-3.642434 40.469945
20.220399 52.233239
151.65619 -32.9196
78.476 17.366
51.489944 25.375335
61.42915 55.15402
-43.1279384 -22.368738
8.688757 53.183254
-49.33346 -25.495472
-93.9097 45.6647
30.471139 50.457395
6.5914 51.5502
8.448308 51.97006
-80.48418 -0.9186
11.351389 44.5075
4.396359 52.063387
26.0 44.0
-70.622673 -33.454945
29.6333 46.837
150.925 -33.745
150.305 -33.702
150.3054 -33.7019
-1.2328819 51.7248487
65.558337 57.092399
9.12026 48.69611
38.364553 57.54069
35.116134 55.976573
56.057408 54.760622
-70.7665946 -33.4552353
-119.4412294 35.1410781
4.8105462 52.7903517
23.75832 61.26552
-76.8162474 40.266379
-122.7 45.7
20.231023 63.985147
9.8307559 55.875198
-123.4059525 48.4510765
16.0 49.0
6.6715483 52.379395
74.590789 42.867574
2.384619 48.853343
-46.565588 -23.71738
149.1286843 -35.2819998
-78.48484195 -0.20447808
126.923609 37.49253
8.8811 45.4734
79.307298 19.971002
17.96949386 49.46422266
25.9949344 44.6065796
-76.32293 39.437416
-76.32293 39.437416
20.6350699 49.5621911
-121.211 38.779
131.9111 43.1365
-123.4148029 48.6393423
4.3069609 52.0806997
48.86592 38.7
14.4830061 50.0497817
19.639382 52.878807
16.394918 49.350973
24.0097 49.8349
-70.4665394 41.588775
0.087607 51.929547
152.997 -27.453
77.2089 28.6139
88.0 22.0
82.905444 54.986714
-58.48942 -34.606
26.342085 59.351519
-87.940541 44.486952
19.124808 50.304063
14.488638 46.044276
-123.945 45.6118
26.097893 44.457576
-73.0728149414 44.5063000997
5.235065 52.289902
92.848 56.012
-112.050137 33.297862
-76.8162474 40.266379
30.2485 50.5625
7.642378 45.115228
24.0098 49.836
14.489261 46.044547
5.5042497 52.4994846
-76.567485 40.790295
-93.58852 45.135661
77.551728 13.043387
14.489089 46.045062
14.487899 46.045054
14.5083 46.0556
14.489231 46.044899
37.742758 55.624618
14.216667 41.083333
121.699048 25.073006
2.7885554 41.9683169
4.358133 51.86273
152.997 -27.453
15.0 46.0
-8.25 37.0833
-111.8546667 41.68
-78.1234 -0.9186
19.683342 47.667848
-99.1895976 19.4372699
99.9873737 14.020233
113.547927 22.207836
76.6343948 28.890906
9.057039 49.210296
18.8602 65.24259
-0.8982877731 51.389076396
121.695665 25.072967
16.820004 58.343723
-2.447 53.5775
-40.2687328 -20.2630223
37.2943 55.6901
24.33369 46.215765
1.0 1.0
121.0429138 14.5614608
17.038333 51.107778
-76.32293 39.437416
-5.5186227 36.3429851
10.78923 59.90436
37.67197524 55.78700359
-0.1405219 50.9507128
19.277976 50.2426399
6.18 36.32
-43.9644296 -19.8686311
0.727 40.904
23.0 25.0
9.182778 48.775556
-0.1405219 50.9507128
-78.492375 -0.202014
26.02 44.4333
78.4941137 17.4782751
-9.155 38.0
13.1672781 49.6421553
3.17059 51.07818
43.0186 44.1369
-7.745271 54.962223
3.17059 51.07818
123.845062 8.147686
13.414639 52.33714
16.950693 52.457667
19.039907 47.460239
3.17059 51.07818
12.29 41.54
4.23333 46.5833
-117.0 33.0
-73.689075 42.732629
3.17059 51.07818
114.179851 22.284626
11.08967 49.466831
-66.16215 -17.388562
-94.834 38.9045
100.7719489 13.7273899
-3.7833 37.7667
-1.6 48.1
121.0 14.0
7.5567 47.768586
149.090059 -35.466512
-2.1494 53.4083
150.0 1000.0
103.779602 1.309399
11.96 45.31
35.2 52.2
8.485612 47.198642
22.324122 52.1663
138.6 -34.92
-64.206793 -31.343555
55.442813 25.347954
19.037556 47.542378
1.22656 52.52873
0.0991534 50.9778748
-79.6181173 43.5346825
24.01 49.835
-6.0 36.0
22.499624 41.138818
-105.26336 39.995985
-117.411 47.636
153.039335 -27.559988
76.703347 30.710459
-49.073477 -26.4822209
9.755035 57.15983
-87.998103 44.538711
9.696573 53.405736
-1.14391 52.94689
-1.330663 52.356341
-95.61102569 29.59122197
-79.41076 43.77144
8.485612 47.198642
-8.0 40.0
275.5067 39.0975
79.1063139 13.2163648
20.0 50.0
15.7164553 49.4877853
80.5486561 16.2325683
13.1854042411 43.2282726725
121.0 31.0
1.14822 52.056736
4.111814 44.134308
30.387912 50.366977
14.7916863 40.7711956
37.6028 55.6773
77.5181 12.9011
-6.0 36.0
79.080071 21.105234
2.58 49.2
19.85055577 50.18539929
8.62 49.26
12.0992058 54.0763206
26.134513 44.439651
17.154217 48.159675
-78.6 35.0
-78.6 35.66
114.194667 22.338
0.099743 51.75079
16.50914 48.222929
6.1089055 46.2147339
-71.358017 42.314095
-122.315887 47.656398
-122.772672 45.020603
78.476 17.366
-99.12 19.42
121.0 31.0
18.02887 59.254999
5.765544 45.178108
114.194667 22.338
78.377017 17.441814
26.335372 -28.952155
-79.0444074705 -8.1014248212
-51.14251612 -30.02992919
12.234 45.5619444444
-51.1704822571 -29.9134319754
13.3925646544 43.2098355733
15.44 48.2
10.8831927 49.4653643
1.574442 49.365371
29.6154 60.2557
-21.7424827 64.1276751
-2.0004555 43.3006178
-0.629745 51.534353
121.572041 25.080261
61.5716939361 54.0784320557
1.574164 49.365024
-97.325563 31.584348
-57.92855 -34.920258
29.005798008 41.0443074857
121.697817 25.075528
-6.0 36.0
8.288925 55.750987
-6.0 36.0
121.534694 25.007243
21.179357 48.732225
100.0 100.0
-3.2031831132 51.5134806218
-122.315887 47.656398
34.399 53.2147
77.6918559 12.9304028
80.270718 13.08268
85.1426918 52.5041043
12.0992058 54.0763206
80.270718 13.08268
1.574442 49.365371
-78.999707 -2.918755
8.852826 48.860569
9.463991 48.64717
5.129705 52.101215
19.653039 49.084311
26.066592 44.411651
-73.6736 45.50664
13.42964 52.45469
50.0 50.0
-73.128021 44.447224
39.537535 52.597438
-79.97339 39.645629
29.0094 41.0417
153.155 -30.17
-79.2024 -3.978967
4.02666 49.26263
-60.9309621 -31.4478668
88.3667 22.5667
9.894356 56.480857
6.13 36.36
-0.47517 51.75369
6.11 36.28
78.257928 17.72662
9.696573 53.405736
24.607094 59.357235
77.3595 28.6131
13.429581 57.80456
35.275707 -1.11572
-75.210557 -12.068114
-79.313599 40.2111078
13.3239269257 52.4106788858
-119.013689 34.220138
5.285292 51.700006
-1.3816 53.587
5.9665116 52.7236106
-107.0 33.0
-46.0 -23.0
8.397992 58.265654
43.11 22.11
105.778835 21.016866
37.729 55.907238
103.853353 1.298565
17.618612 49.517202
-76.1005 40.045
-81.7825914 24.5557025
9.619933 49.291726
9.189333 48.855253
41.9897 50.7836
35.30745 -1.40114
-88.382729 44.225642
-3.223 40.192
77.688961 12.921233
-6.394947 53.982857
-58.8842068 -34.4578344
-58.8842068 -34.4578344
-105.0145 39.6619
23.520671 42.697207
7.6700892 45.070139
15.5 50.61
36.824814 -1.249391
22.02 50.33
100.5018 13.7563
-3.655 40.495
-3.655 40.495
19.129 50.81
0.0 48.0
51.495 25.38
14.4909308 50.1917319
11.529953 48.11089
9.0 48.0
8.4256241 49.01522628
12.62596 47.471711
-103.42201 20.70512
-3.223 40.192
-79.313599 40.2111078
7.505972 46.046449
23.614371 46.779037
27.641194 42.557231
24.002188 49.803484
79.307161 19.971294
60.1102 55.0549
-86.111639 42.784464
7.505972 46.046449
7.505972 46.046449
7.505972 46.046449
7.505972 46.046449
7.505972 46.046449
7.505972 46.046449
7.505972 46.046449
7.505972 46.046449
7.505972 46.046449
7.505972 46.046449
7.505972 46.046449
7.505972 46.046449
7.505972 46.046449
7.505972 46.046449
7.505972 46.046449
7.505972 46.046449
7.505972 46.046449
7.505972 46.046449
7.505972 46.046449
7.505972 46.046449
7.505972 46.046449
102.124108 14.988359
20.0 10.0
14.4 53.48
107.1 -6.4
45.0 53.12
-1.601865 52.407793
-86.564675 34.619466
45.1928 54.1855
-5.9911 37.3872
105.810417 21.032295
14.36 46.01
-46.62264 -23.47565
76.703347 30.710459
121.05 14.55
17.94426 59.40395
-4.101577 36.742825
-83.691459 32.452804
0.1406079 52.207889
5.108611 52.032222
-58.286888 -34.713704
-5.9182906 40.5836244
-49.2199913 -25.4772138
19.5 50.0
-93.58852 45.135661
-120.75511 37.425366
14.500048 50.036164
6.1 52.5
-71.35273 42.300227
19.924468 60.122465
-49.2197203 -25.4772138
2.663934 39.586115
103.896444 1.328044
128.801343 36.543958
21.054167 49.895
-46.7333438 -23.6348324
106.851997 -6.490828
128.801343 36.543958
128.801343 36.543958
51.490479 25.375777
139.0 35.0
56.0 58.0
102.8140417981 16.4818461082
36.277956 49.949351
-117.13199 33.148877
-47.0145 -20.9163
8.4256241 49.01522628
18.74482 52.937744
139.477258 35.669046
18.725148 50.172472
-113.841033 52.292238
-72.7359843 41.5154749
18.2112775 49.4711569
128.796152 36.544012
24.009 49.835
17.0 51.0
37.754689 55.713837
-2.230908 53.452052
114.200663 4.576024
23.4386 49.2861
-6.014007 36.45198
11.702176 55.651113
99999.9 99999.9
145.1 -37.9
50.603849 26.089679
3.38521 47.35909
3.757773 51.051752
-73.849136 40.723043
-77.3 38.8
99999.0 99999.0
10.621 59.94
39.613784 56.392663
-78.4594 -0.293
-70.776807 43.061829
-90.125 32.4189
79.308195 19.932583
138.49964 -34.83781
12.44359 50.357239
-70.33717 -33.43685
24.74438 42.13818
107.633407 -6.974663
-122.437 37.719
-102.1990439 45.9180558
-7.745271 54.962223
20.0 50.0
9.9420046806 57.0724798223
-89.6250398 21.0473075
9.9420046806 57.0724798223
15.489 51.94
50.139865 26.310163
107.633448 -6.974651
13.641084 50.500214
-2.028968 52.688087
-72.6549729 41.7131171
-2.6087 52.1407
-76.5156 39.0268
-97.06136 33.023201
151.4252149 -33.2858601
144.994311 -37.851048
17.4662017 49.3165656
99999.0 99999.0
36.9363 50.2419
-73.954399 40.743909
121.387383 31.2170833
39.613784 56.392663
26.16482 44.442911
103.774222 1.312712
77.666415 12.969701
-54.659033 -34.825032
-3.247917 55.906406
4.487357 52.221564
18.1546444 49.8379478
74.0 30.0
37.61556 55.75222
24.8241278 60.186755
106.76455 10.85107
9.8307559 55.875198
-55.262644 -34.818156
-71.340592 42.361694
99999.0 99999.0
16.8375639 59.6738303
29.084628 40.974211
100.5464 13.89982
-79.4 43.7
14.470036 50.083416
9.289882 45.42479
8.8438317 45.6134746
78.1254 12.154
103.6796476 1.3433032
79.928535 6.988021
4.2581649 51.2132494
99999.0 99999.0
6.895729 50.935416
34.654348 31.448246
80.15825 6.077954
43.0 16.0
18.741952 49.22159
22.07885 51.50173
20.0 49.0
103.928089 30.752866
9.132145 4.00676
12.0 11.0
151.16 -33.87
-0.083164 39.889837
121.9370791 11.945293
31.0 51.0
-6.33866 38.907801
37.7224 55.7385
25.085 60.245
20.0425 50.0675
103.6414 1.5592
100.446931 13.859033
87.8299 53.7367
-6.2567138647 53.3521648592
-6.0333 36.85
-8.628662 42.426606
-118.8778062165 34.2848078421
23.3376563 42.6534537
100.0 100.0
55.988961 54.704274
-123.2531 49.2611
18.0703299 59.4419
174.901836 -41.113428
-78.6197916667 -1.2418944444
-6.2001551 36.5387652
21.5855 63.10948
121.772519 25.150417
121.536294 24.983089
15.203069 52.99769256
29.1662 53.1614
-90.1469693 32.3680481
-6.2982757 36.5318559
-6.201122 36.465821
-6.144665 36.420468
-6.200978 36.540679
121.770009 25.151846
121.518042 25.105851
18.1167 54.3
121.5101386 25.0156205
12.0 12.0
24.448803 41.851652
-81.6968 38.369
173.921337 -39.276366
107.6118849 -6.8811091
33.4489056 49.0786039
74.4728 10.5941
22.34 52.16
-96.7072747 32.9542589
-58.6292535067 -34.4355137054
174.901836 -41.113428
73.715311 19.992335
-2.4778805556 43.1832527778
99.0136 18.8953
99.0136 18.8953
15.72899 50.89973
-70.5723523 -33.4097361
21.0 52.0
-71.28839 46.690142
101.48 3.088
24.962741 60.296453
77.003 11.0247
7.2065538168 51.0303428785
35.30607 -1.02254
24.877982 60.238788
-93.30713 44.740255
100.758727 13.711171
99.0136 18.8953
101.497088 3.068971
22.2989 60.45343
72.8258 18.975
-80.883204 35.559333
100.0 7.0
33.83333 0.51
-58.515 -34.575
21.61038 47.549036
-80.42484 27.35256
5.889793 51.832878
120.607696 24.1889733
-105.08 40.56
37.627319 55.649443
28.022154 45.441949
-81.6968 38.369
-122.433795 47.220714
-2.063369751 51.9470160323
20.264481 44.37407
50.603849 26.089675
-1.425085 50.96116
-79.212496145 -3.969318212
-6.09934 36.686364
-6.09934 36.686364
100.551571 14.5914797
-73.2258 41.3361
10.305077 52.1552145
30.343512 59.855358
-6.1965948 36.4718646
-3.7037902 40.4167754
23.156667 50.891667
-46.637236 -23.4733964069
27.831346884 43.5691792832
16.8777166 41.1095239
6.1 52.5
11.902261 44.42343
6.756717 52.292468
-71.055409 42.450482
20.3 52.4
100.519088 13.971862
17.2979321 40.9516956
17.93 50.67
121.2518691 24.9699658
24.0856 45.7858
7.5472106 52.1693817
-46.296394 -23.981948
-43.9854 -19.822619
24.76945 42.16023
127.264235 37.011626
14.1771979683 48.2073072116
-1.9904678 52.39
13.1944 52.5293
146.784044444 -19.2344111111
146.784044444 -19.2344111111
146.784044444 -19.2344111111
-89.42538 43.07209
20.641941 49.959768
8.4256241 49.01522628
11.458022 46.30303
15.4936556 50.4694714
-45.000096 -22.66069
24.876906 60.238504
23.7 46.3
-1.405984 54.972362
9.2266207 44.3504854
-43.187399 -22.969133
109.37 -7.4
9.116667 39.216667
28.84266 47.059935
174.7751333 -41.2897274
106.822225 -6.461247
23.614371 46.779037
-1.02912 53.600214
26.215869 -29.111051
-93.58852 45.135661
-93.58852 45.135661
20.641941 49.959768
77.026638 28.459497
24.011836 35.496226
109.3285731 -7.4394697
153.0 -28.0
-96.778426 32.922874
-8.5237319 41.4111259
-70.729187 -33.2096284
75.76944 31.21778
98.979263 18.796143
121.4568461 25.0909184
-95.979447 29.780235
21.0 52.0
-75.401879 9.305108
49.675906 58.609284
5.156653 50.888111
49.7980535 40.39424765
49.675906 58.609284
21.02 52.25
10.80462 35.765308
6.545472 51.500808
-46.5981597 -23.5594427
14.5501422 53.4404979
11.348433 58.502394
5.777628 45.209786
-76.939 38.989
-76.939 38.989
-3.3945152164 50.7189672223
9.98912 45.86299
106.8235 -6.361995
7.7 45.066667
-76.939 38.989
77.0 28.0
-76.939 38.989
4.620341 50.669239
101.497088 3.068971
-75.7 45.4
-70.5612021 -33.4188567
19.85 45.25
67.235556 24.254221
10.8035115 35.7647863
30.7165 46.3884
34.104167 44.948056
137.017622 35.165521
14.6246236 53.4296962
14.8196309 53.2852404
18.091 51.7611
18.091 51.7611
-6.7904 62.0095
-77.4143524 39.0341258
121.549988 24.964019
21.06087243 52.3197649
120.648331 24.181767
152.3479 -24.86621
24.8455813 60.2585857
7.1141 50.9854
15.080726 37.515641
8.4256241 49.01522628
10.72 59.93
8.4256241 49.01522628
8.4256241 49.01522628
30.52 50.43
30.063 -1.958
9.461058 46.15316
-43.0 -31.0
-71.413642 -41.124307
-80.31531 43.3583
84.589655 51.971798
2.598611 48.859167
-118.156965 33.858176
4.1967677249 52.0471528363
9.046029 45.629164
112.671922 -7.897142
-54.662862 -34.824497
38.097698 55.831832
-76.939 38.989
26.718166 57.113617
10.404031 53.247513
-1.334602 53.873854
-1.334602 53.873854
-1.334602 53.873854
-2.937436 43.270846
101.65 3.083
12.643 43.901
40.7041 64.4929
9.166667 39.25
-78.5097222222 -0.2186111111
12.643 43.901
12.643 43.901
24.005053 56.957507
4.307548 52.075014
26.160743 43.150287
-80.48418 -0.9186
-71.609327 -33.050613
102.224523 -3.652429
14.656462 49.988092
25.0 65.0
7.278725 45.719958
99.9033553 19.1687339
5.3651503 51.6834315
17.48 54.48
49.675906 58.609284
0.0 49.8935
-8.8467908 41.6944757
11.73112 45.76231
77.5945626 12.9715987
14.4892307 46.0448994
-113.79455 52.38078
-71.35 42.28
10.797647 35.699721
23.998958 56.957336
112.671922 -7.897142
112.671922 -7.897142
98.572253 16.710677
12.0 45.0
-4.55239 37.6822495
-103.697824 19.248491
-48.533769 -27.594116
100.685894 13.769872
-122.15 37.48
7.016511 51.274753
100.560835 13.829589
101.493 3.072
120.28 23.07
-96.6889 49.6044
100.6358753 13.6633095
7.8887 47.9819
77.5520067 12.9364098
153.075519 -27.430071
-95.5867317 29.9980795
15.9582788 45.8108874
20.268621 47.015964
106.853014 -6.304937
15.078791 37.526638
15.083615 37.515648
18.223946 47.423203
7.278274 45.720771
-105.0927124023 39.5837783813
14.435756 50.060093
-73.205743 45.580115
-1.334602 53.873854
20.838779 52.195586
-122.06948 37.906
139.770263 35.696762
75.8611107 30.8587357
30.063 -1.958
30.063 -1.956
30.063 -1.958
30.063 -1.956
30.063 -1.956
30.06 -1.986
30.063 -1.958
47.0 20.0
30.016 -1.32
30.06 -1.958
30.063 -1.958
30.063 -1.958
30.063 -1.958
30.0 -1.958
30.0588 1.9501
29.911877 -1.996536
10.55 45.366667
-2.541225 51.525212
-78.5 -0.161
-113.841033 52.292238
-41.782287 -4.273041
75.8611107 30.8587357
29.97 -1.676
29.97 -1.676
9.1901063919 45.459731296
9.1901063919 45.459731296
9.1901063919 45.459731296
15.076063 37.525644
13.7379 45.5793
0.067832 46.262871
29.1167 40.9833
10.966 45.58
-123.3657 48.4222
9.19208 39.240129
3.17059 51.07818
281.5 38.0
-1.981185 52.299275
-7.777891 52.0122
74.3436 31.5497
153.305 -28.808
153.118837 -27.610384
-77.124712 39.729108
-1.395685 50.934189
100.556186 13.871538
21.410081 41.993833
50.208203 53.236495
-0.0860652 51.5228695
-47.868597 -15.804321
0.119 52.205
25.5 61.0
-58.38157 -34.603677
3.17059 51.07818
-58.6381462 -34.648192
14.0 54.0
8.509419 47.409757
-0.3027594 51.4020435
99.4984027 19.290555
-76.495528 44.237158
76.8333 17.3333
61.386273 55.256862
146.5 -19.5
15.4416767573 46.2140804268
16.507075 59.646725
-44.200396 -2.534858
-76.248269 44.900355
37.671242 55.870768
-123.3388 48.434
77.653201 12.954251
20.432179 46.1813726
0.141551 52.146825
-48.0 -27.0
13.7379 45.5793
-0.0829519 51.5232547
13.87 23.89
5.602997 53.015079
-97.939348 49.181691
145.0688888889 -37.985
-101.6786 21.2003
32.609909 39.953103
5.477 51.522
11.0 45.0
106.533373 -6.202453
12.12313 12.12313
131.887205 43.033549
117.458466 0.139492
10.018223 51.593786
121.463814 25.014051
20.94218 52.27738
-95.491956 30.024007
-72.95 45.62
-122.504941 47.4080579
29.199328 40.888976
17.46667672 49.99383967
139.813 35.710075
-97.80123 30.421666
200.0 200.0
12.971882 47.836756
21.017703 52.143618
107.632458 -6.973239
51.471868 36.479119
75.0 30.0
-1.833052 52.679678
33.403396 67.567265
-43.4726658 -23.0278863
5.081693 51.21934
-2.43 53.57828
120.224176 23.028494
121.5434129 24.9786723
6.0 51.0
-56.062952 -15.608361
-2.892642 56.649406
17.756432 47.884341
37.70818118 55.90583028
77.6380342167 13.0222638833
-38.32 -3.43
100.222521 13.714744
-81.256531 28.509813
151.06226985 -34.00125916
17.756432 47.884341
4.353 50.866
101.65 3.083
98.9695 18.8011
6.1788 48.6967
24.813 60.177
153.11178 -27.494441
34.0 32.0
1.894113 48.095778
-4.107699 38.688517
-46.54 -23.57
-46.59 -23.68
30.301923 59.95992
10.109635 45.53495
100.564821 13.757838
-79.81 43.69
10.3899 63.4316
-99.5030448 17.2574328
-0.1275 51.5072
10.455583 55.421531
-83.209546 40.126111
-2.43 53.57828
12.24 45.49
79.9733288 6.9146818
75.85 30.91
18.49 49.95
77.14 31.11
7.169 51.5448
-58.4423495 -34.660576
40.10794446 44.61754631
-37.353526 -5.17084
1.627747 48.54882
-77.124712 39.729108
-77.124712 39.729108
5.1667 52.2333
23.037818 36.686653
-0.317189 51.494705
-46.676488 -23.598877
2.479472 48.869254
-0.879805 41.65916667
12.377058 42.0010017
-99.5030448 17.2574328
115.8464116417 -31.9271292703
-3.327609 50.907164
12.55 47.85
107.6105 51.8131
19.033333 49.116667
19.5364514 50.2846401
7.279264 45.720127
-70.642922 -33.437961
8.769141 53.0976249
34.75 31.5
3.0 51.0
151.062282 -33.736411
14.3928667 50.06896
11.95 51.43
-46.66323 -23.582053
-50.3800932 -25.8667177
17.2479363 47.6116216
-43.0 -16.0
102.8632908 16.4283274
-4.0 40.0
17.9875455 59.326142
-78.426955 -0.184631
-117.45339 49.484608
25.136556 35.254948
8.596359 47.40997
10.7474 45.13
16.3997644 49.1829236
-75.567757 6.267792
-75.567757 6.267792
13.119878 43.517404
20.095661 46.268394
4.640694 51.354084
9.7424890995 52.4387564233
-84.2811 34.0733
75.83078056 30.88883663
-91.5425 44.8125
37.599901 55.751981
7.936722 58.192412
-78.6382 35.7796
100.5651891 13.7577685
103.895565 1.386593
103.895565 1.386593
2.927 42.539
18.1767 40.3531
-117.240532 32.796921
20.141667 51.952778
39.0 29.0
25.771647 61.23075
26.7861449719 43.7517419624
101.683517 3.076488
-0.594117 51.243304
25.52752 44.587732
-97.69145 30.407148
9.7424890995 52.4387564233
14.5778042 49.6668153
46.0011 51.5347
13.3783489 49.7477831
-47.038555 -22.89025
121.5356358 25.0424339
32.3232323 12.21212
20.1989546 47.1768342
2.1897579596 41.4357867995
12.0439789 57.759262
2.511694 48.789425
-82.9214 40.1236
4.792416 51.536478
101.639904 2.926138
8.52982 52.048286
13.2654696 52.4385391
36.194875 55.708481
-80.1433786 26.1223084
121.0 25.0
10.527628 52.925569
8.276724 48.824161
2.240251 48.812905
-5.9911 37.3872
-70.418 -23.694
172.638075 -43.572024
13.2863897 49.7836136
-0.981426 51.156501
100.556186 13.871538
13.6397 45.942481
-2.227188 52.416148
12.382171 48.965283
9.949 53.642
2.5 48.75
-122.60918 47.38028
-0.88178 52.778284
2.377086 48.69545
122.0 -7.0
7.43777 46.94843
9.85682 52.48468
1.0 11.0
24.009 49.8355
26.037984 44.435296
4.59952315 51.961465933
-6.037 37.35
16.523205 52.851797
18.11786 59.445126
-46.5585579 -23.6857557
12.07 42.25
-70.418 -23.694
30.99074 -24.34535
4.912602 52.373179
-3.1028203 53.3282339
-46.5952992 -23.6824124
23.094907 40.36534
4.36311 51.99846
-58.4481325 -34.6177463
-46.3932595 -23.5043598
101.463664 2.823112
13.720152 45.703809
13.785522 45.642578
77.756452 13.000916
32.0 10.0
77.692512 12.980403
-79.948867 -2.145861
-58.593886 -34.660428
80.5532466 7.2608271
88.4128712 22.4284481
29.918211 31.212621
103.895565 1.386593
8.61 49.89
121.9370791 11.945293
-58.3712412 -34.6385473
32.0 32.0
13.873 45.709
269.32249 35.84
20.1743859 51.9861902
-1.497862 53.764339
145.0273108 -37.8959535
150.934 -33.734
37.0 55.0
-58.70545 -34.52024
102.8634304 16.4288297
-74.9991104 4.2419398
100.196702 16.744801
6.4153 47.3306
37.498896 55.805751
102.863635 16.4283952
24.0085 49.8355
-91.7711111 37.9513889
121.5218524 25.067131
-58.987524 -27.448706
-81.3792 28.5383
5.702843 52.350866
-8.4569406509 40.4233958845
121.442088 25.046628
121.29926 24.958942
15.9078842 49.4010608
-75.200556 4.437778
-1.822805 55.106918
-47.9881145088 -15.8161737876
8.64838 45.15405
12.216857 44.39154
-47.3841666667 -22.3569444444
121.442088 25.046628
121.486215 25.00024
28.137171 -26.124441
-72.0 -33.0
30.45302 50.428124
14.4212 49.7579131
22.0 11.0
8.9838 45.5405
91.692955 26.18991
8.40365 49.00689
16.50597 49.171243
-34.870733 -8.03218
20.0 20.0
-7.018 41.592
21.163102 51.400401
121.5356358 25.0424339
121.53779 25.0427833
121.5212213 25.0439892
121.545027 25.036459
121.5377902 25.0427833
121.5639969 25.037531
120.2004353 23.0153311
121.5382778 25.0421106
121.5378472 25.0428498
121.539467 25.044177
121.5377902 25.0427833
121.533344 25.042958
121.564101 25.033493
121.539467 25.044177
121.539467 25.044177
121.5356358 25.0424339
121.5356358 25.0424339
11.534 58.234
13.762928 45.6666666
-74.02563 4.81956
16.0 52.0
17.236394 48.100613
78.339054 17.421923
8.4256241 49.01522628
100.569504 13.869131
-74.226985 40.39555
-84.725005 34.007998
83.293625 17.737494
103.895565 1.386593
69.0 69.0
-3.80149 56.153159
112.671922 -7.897142
51.0 51.503363
20.2589474 52.2248618
12.39 41.91
11.969 50.262
10.527628 52.925569
-1.425058 50.960986
-70.655617 -33.407932
-104.53 39.37
-81.7825914 24.5557025
61.0 55.0
-58.4864842 -34.5374554
-2.237146 52.994998
24.73775893 42.15104591
121.3062504 24.9790082
121.5150126 25.0593344
121.5387754 25.0425066
121.560684 25.043688
121.53 25.05
121.32 24.99
121.537834 25.042939
121.5300678 25.0447086
121.5378472 25.0428498
121.543475 25.026411
121.5378472 25.0428498
121.537869 25.042845
121.560684 25.043688
121.560684 25.043688
24.07654 0.0
121.5378472 25.0428498
121.5378472 25.0428498
121.5378472 25.0428498
121.532696 25.042794
121.517081 25.0479239
121.4682563 25.133406
121.5143699 25.0389208
121.506378 25.0172264
121.5150126 25.0593344
121.5336149 25.0430724
121.539774 25.057689
1.817 48.644
120.31 22.62
-0.100906 51.451915
121.560684 25.043688
121.560684 25.043688
-3.057089 52.945334
78.338838 17.421687
24.9757811 60.1757852
-82.882159 42.49845
3.7384714 51.0429436
2.401208 48.86004
-43.953278 -19.839903
2.2699911 48.90808
100.605146 14.069683
22.681832 44.62698
13.3783489 49.7477831
19.0 49.0
-70.56 -33.54
-79.48 9.02
10.1781337 53.7637646
-0.279192 46.090142
10.511911 47.633126
-75.594267 6.248376
120.59 15.16
-80.52238 43.46518
126.953226 37.345713
100.2333 5.4
104.841499 15.244331
14.002898 50.705772
14.42057 49.2234
-76.84 -0.28
120.396478 22.633441
-70.6629095 -33.4408364
-70.4665394 41.588775
77.33 28.58
-122.2880578 47.7376992
24.1504536 120.6832528
120.6370415 24.1490365
120.9184523 23.8523022
121.531853 25.04776
120.666667 24.25
120.648733 24.1469
120.7374062 24.2149438
120.683899 24.1469
120.6487936 24.1756528
120.6483307 24.1817667
120.683899 24.1469
120.663848 24.15104
120.683899 24.1469
120.8012649 23.5043261
120.645504 24.1451186
120.68 24.15
120.683899 24.1469
120.645504 24.1451186
120.6487936 24.1756528
120.666667 24.25
-46.591798 -23.462674
11.11 12.11
4.885187 52.08789
19.0923243 50.0933879
4.6666 45.7
5.602997 53.015079
82.93253 55.03782
-0.22520363 51.51699186
-100.309 25.6714
99.793742 7.449333
5.0 45.0
77.557831 12.928459
102.8631686 16.4281217
111.0 122.0
23.2682666 42.7126861
17.6206144 49.5154575
34.1268 44.9497
-3.9158655116 40.52438996
100.3402526 5.415101
-74.8046925 10.942156
121.488227 25.07646
15.8789378 49.9059411
-46.6768924 -23.6319921
18.29 49.18
-79.144 40.6
-66.992611 10.439056
106.8853 10.951978
121.247158 24.903745
8.974283 48.681581
4.683576 45.915032
102.6216211 15.9717357
11.9298307 57.7087636
-69.1282247 -24.2675825
35.66429 34.249832
5.17 52.17
120.21 22.99
39.181503 44.881254
120.21 22.99
120.31 22.62
120.21 22.99
22.99 120.21
120.21 22.99
120.21 22.99
120.21 22.99
120.21 22.99
120.21 22.99
120.5012185 22.6908838
120.21 22.99
120.213798 23.005468
120.21 22.99
120.5012185 22.6908838
120.11 22.99
120.22 22.99
120.21 22.99
120.21 22.99
120.2203486 22.9960783
120.21 22.99
120.21 22.0
120.21 22.99
120.21 22.99
120.21 22.99
98.884595 18.643261
77.0604039 10.8274647
102.851978 16.410025
77.0604039 10.8274647
100.5432782 13.8815322
121.53 25.05
-1.8881 52.4467
120.12 22.59
-68.772461 44.795105
-73.563293 45.62108
-73.570399 45.498081
100.268529 13.655168
-75.5800677 6.2539333
92.8562 56.0093
-75.3845787 6.134373
77.716255 13.005774
10.73 45.64
-2.411843 53.45198
9.7424890995 52.4387564233
-78.5 -0.16
102.320792 2.315687
144.807 13.44
15.625278 58.415833
79.0 7.0
-54.956883 -20.936315
-0.17996 51.608458
74.8333333 17.3333333
-106.1181361 28.677175
27.541287 53.907963
77.587278 12.91552
18.568 53.054
11.9298307 57.7087636
-81.6968 38.369
10.2303 56.2316
32.5783038164 39.9617108576
-51.0 -23.0
75.83078056 30.88883663
11.410646 45.457028
5.062 52.647
13.75 13.75
4.90840845 52.37543279
100.727776 13.6824431
-77.1977759 39.1166457
9.5183 51.3345
88.429768 22.596019
48.0 46.0
-47.753628 -15.875688
-42.879752 -20.754034
10.06662 44.840505
22.3 60.5
37.173275 55.971718
14.24298 40.914517
-71.35273 42.300227
23.0 11.0
-46.6227683 -23.5248826
104.89221 15.122527
-71.35273 42.300227
203.5 20.92
-96.724 17.073
75.0833 15.35
102.022184 14.8728
-110.6981709 32.3896153
9.9866155 53.4566961
84.4947 38.0297
20.141667 51.952778
-44.472878 -22.482863
28.0258 -26.03
18.2 49.18
77.5667 12.9667
6.453132 51.662211
6.0 51.0
6.453132 51.662211
6.453132 51.662211
6.453132 51.662211
6.453132 51.662211
88.4128712 22.4284481
-71.35273 42.300227
-71.35273 42.300227
88.4128712 22.4284481
100.3185881674 13.7614327582
16.8133028 48.8581119
-47.095153 -22.951101
-3.3745813 40.5114111
84.9665 56.4484
8.555 49.8666
-44.4397809 -22.4561088
21.1590452 55.7068726
57.0591118 30.2673089
100.3185881674 13.7614327582
-3.2 56.25
-35.2536029 -5.84949698
65.5601 57.1742
21.0 52.0
173.427997 -41.597821
20.165986 46.26323
14.2137 45.7759
-83.5 42.0
0.73 51.19
-74.068633 4.620109
-49.268061 -25.395573
-73.567256 45.501689
106.3432 -6.3442
-104.930008 39.753614
21.2691 48.981
-0.322573 44.663958
178.44584495 -18.14963417
-97.218253 32.74074
13.19321 55.70584
-2.104734 50.864399
-2.10445 50.864415
-2.103687 50.864441
-2.102604 50.864473
-2.101651 50.864515
-2.100284 50.864544
77.580643 12.972442
21.365596 52.119442
1.36861 46.1089
-44.4728225 -22.4831
104.89221 15.122527
-70.59317 -33.443817
24.00985 49.836
-72.27171 43.7108
55.48 -21.28
-71.350349 42.30008
-123.104101 44.090804
96.105154 21.982144
77.209 28.6139
-3.0617 53.3909
37.0 55.0
18.29 49.18
8.4576 55.49835
-4.145381 55.933482
-82.927556 42.342694
6.453132 51.662211
-71.351 42.299
-69.347149 10.062568
-52.214556 -3.203559
18.134202 59.311918
15.27797 49.9578928
-0.1275 51.5072
7.153656 46.806403
-48.842 -26.2956
22.4115819 40.7930839
9.5183 51.3345
96.159364 16.834764
29.018122 41.017584
18.176056 40.322189
18.176213 40.322328
-115.1739 36.1215
126.979194 37.378676
4.4777325 51.9244201
-98.200825 19.001406
-6.268 36.507
-6.197 36.470566
-6.14941 36.415
103.773815 1.31348
-73.1045194 7.0985217
1.3 53.3
4.633333 52.383333
21.06080806 52.31989278
10.2303 56.2316
-46.381 -23.3251
8.634351 49.219225
77.659508 12.962859
73.8 18.54
10.35 45.41
-0.1275 51.5072
30.99519 50.607083
172.728955 -43.506806
-73.660378 45.4611499
39.906931 21.351518
101.028267 13.427468
2.73587 48.01337
99.0 15.750042
72.919554 22.558627
-0.1275 51.5072
9.7021 52.3692
-59.945791 -3.030277
101.035864 13.436378
35.67788 0.3445555
147.041885 -42.999786
73.234 37.134
-1.875 50.8817
16.840926 49.047507
-43.9295 -19.924562
-2.801 54.047
-95.05 29.568
106.829632 -6.347811
24.0096 49.835
-50.072129 -21.428734
120.731058 24.112368
100.546499 13.8998385
-58.4820912 -34.5049074
2.331974 48.81769
-76.288931 36.712383
105.2163158 14.5637862
26.0 44.0
16.0 48.0
19.025555 47.470677
8.34 47.34
12.51133 41.89193
10.57233 55.35109
35.034449 48.494883
-23.6321048 0.0
-3.861878 40.727433
-42.879752 -20.754034
106.8294 -6.1864
-6.33759 38.907116
-42.868459 -20.764982
-2.691745 42.843781
-2.426753 52.683634
-60.02211 -3.12268
76.21 10.52
103.774222 1.312712
180.0 180.0
180.0 180.0
180.0 180.0
180.0 180.0
180.0 180.0
180.0 180.0
180.0 180.0
180.0 180.0
180.0 180.0
180.0 180.0
-0.1275 51.5072
21.028337 52.079426
59.0 29.0
101.3254082 12.7048716
31.212917 40.868276
120.569998 23.959611
106.6760031 -6.3386998
1.451 43.585
14.459942 49.970194
106.6760031 -6.3386998
100.583435 13.763861
106.6760031 -6.3386998
100.568815 13.845528
-57.95946702 -31.37113726
72.8414 19.0817
-74.7910968 10.9239754
-83.5285 42.534
106.7312592592 -6.2736188288
106.6760031 -6.3386998
8.007096 43.903652
-0.63315 51.508756
2.364166 48.855605
11.409518 47.705847
-0.1275 51.5072
-75.7 45.41
-122.216941 37.80748
-69.358363 10.056356
-79.87608 0.86464
103.8 1.3
85.3333 27.7
106.6760031 -6.3386998
153.0 -27.0
-3.6319756 40.4594398
-60.639 -32.939
41.060926 0.0
3.14293 42.48853
3.14293 42.48853
13.16372 63.38147
5.368051 52.234056
-64.822658 0.0
17.045546 51.081871
-110.900918 27.984988
106.6760031 -6.3386998
106.6760031 -6.3386998
28.289453 -25.836139
104.8409136 15.2406287
76.458349 9.311896
77.5667 12.9667
20.647083 49.978778
180.0 180.0
180.0 180.0
180.0 180.0
180.0 180.0
180.0 180.0
180.0 180.0
180.0 180.0
180.0 180.0
180.0 180.0
180.0 180.0
81.5315 16.5454
101.68653 3.1412
-72.5958382 -38.7379398
-58.0 -34.0
72.0 38.0
-104.6 50.5
80.2707 13.0827
-72.79 41.612
100.277755 7.140462
-49.2406446 -16.6716014
-47.404965 -20.572452
-72.2220444528 -39.2878935153
100.975151 14.142357
80.158254 6.077969
4.0 3.0
8.693508 49.369339
5.5333 45.1333
15.8426169 50.2001119
78.0 11.0
-58.4736658 -34.6372539
180.0 180.0
180.0 180.0
180.0 180.0
180.0 180.0
180.0 180.0
180.0 180.0
180.0 180.0
180.0 180.0
180.0 180.0
180.0 180.0
4.93 51.58
9.469012 45.617334
9.233664 48.744816
-74.7910968 10.9239754
-74.7972258 10.9094906
-74.7912682 10.9235378
180.0 180.0
180.0 180.0
180.0 180.0
180.0 180.0
180.0 180.0
180.0 180.0
180.0 180.0
180.0 180.0
180.0 180.0
180.0 180.0
180.0 180.0
180.0 180.0
180.0 180.0
180.0 180.0
180.0 180.0
180.0 180.0
180.0 180.0
180.0 180.0
180.0 180.0
180.0 180.0
-1.35 51.09
3.090556 50.640596
-0.1275 51.5702
30.476747 59.877418
77.037333 28.609621
-73.779557 45.601951
-82.345224 29.644466
11.078654 11.078654
-121.9785135 37.412004
55.373659 25.330272
114.083859 22.541358
100.4833 13.75
23.099241 63.843165
91.421582 52.853594
180.0 180.0
180.0 180.0
180.0 180.0
180.0 180.0
180.0 180.0
180.0 180.0
180.0 180.0
180.0 180.0
180.0 180.0
180.0 180.0
180.0 180.0
180.0 180.0
180.0 180.0
180.0 180.0
180.0 180.0
180.0 180.0
180.0 180.0
180.0 180.0
180.0 180.0
180.0 180.0
114.083859 22.541358
7.44071 58.02898
-43.940572 -19.677642
-45.130087 -22.737497
-76.772377 -11.9772968
8.732746 53.13787
100.196745 16.74462
103.12215 3.7203345
100.690813 14.006392
24.176682 56.954925
19.036942 47.549888
-112.03 33.52
11.15953 46.66817
174.809687 -36.880143
-38.9714251 -12.1986138
121.564101 25.033493
-46.6470297 -23.6402771
11.064167 48.424213
67.0280609 24.893379
0.006857 51.500748
72.919554 22.558627
6.860228 50.921301
-60.02211 -3.12268
28.16428 -25.73341
180.0 180.0
180.0 180.0
180.0 180.0
180.0 180.0
180.0 180.0
180.0 180.0
180.0 180.0
180.0 180.0
180.0 180.0
180.0 180.0
27.916666 43.2166672
83.63 41.5503
-3.680781 50.434368
-3.680781 50.434368
-3.680781 50.434368
4.418925 51.890819
-16.513789 28.071651
25.939105 62.464629
98.3525062 7.8943398
-4.417 36.717
-75.617 4.867
15.6606578 40.995798
15.6606578 40.995798
-51.98872 -3.34739
-102.2682693 21.8664634
103.800026 1.27427
106.6760031 -6.3386998
-84.318814 34.008863
22.9 40.65
-1.7569773 53.8899005
33.0 48.0
98.9585338 18.8083066
-71.7709 42.690492
121.568633 25.038227
19.0 50.0
4.633333 52.383333
12.3731569 50.0770822
-70.52 -33.49
-79.89 46.36
-6.256088 53.385509
108.222678 16.074895
16.967936 61.723931
121.528696 25.052001
8.7958146 49.6514282
-76.932682 38.990873
-0.617 51.182
-70.642922 -33.437961
-76.772377 -11.9772968
120.982024 23.973875
120.349991 22.650469
80.691 16.48
80.692251 16.484375
80.692251 16.484375
80.691 16.48
80.692251 16.484375
80.6915745 16.4852558
80.6915745 16.4852558
80.6915745 16.4852558
80.69 16.48
80.0 16.0
80.691 16.48
80.69 16.48
80.692251 16.484375
-0.1275 51.5072
-2.474259 56.7000143
-76.529473 3.341144
-98.719017 19.778035
11.5831856 48.286912
-47.906 -15.8071
9.216719 48.903751
-76.529388 3.34099
-87.891034 41.946741
8.56084 47.36173
21.028337 52.079426
-7.02 37.26
33.0 12.0
77.6495483 12.9694072
1.400094298 51.3544230308
60.6122 56.8519
13.720152 45.703809
-121.9552356 37.3541079
5.842625 50.998598
-90.5914284289 41.4211426494
-46.74 -21.611
121.209827 25.017316
132.2534 43.2551
37.552158 55.793494
-7.0 37.0
121.614655 25.040899
121.445278 25.039028
-45.4588 -22.4345
15.36 51.15
-52.358383 -24.002259
-122.685803 38.232172
13.3098779 52.4480055
12.7860829 45.8248435
0.260733 50.822382
19.036942 47.549888
25.3421842 54.721891
-70.8832345 -53.1244933
13.002357 43.83648
18.505622 -33.8040012
-3.680781 50.434368
77.716255 13.005774
97.0 30.0
20.480538 44.812341
17.8999742 49.9496908
17.6565079 47.7318451
-71.483784 42.158771
139.566013 35.717717
36.78 -1.297
30.31 50.26
12.0344444444 45.766
-97.041996 32.907015
100-6.240105 36.462662
121.209827 25.017316
2.333283 49.870759
-86.1379195 39.9588831
14.4834078 53.4935906294
-86.1379195 39.9588831
9.054762125 47.8194714378
57.497027 -20.233888
16.5 59.366669
-88.300167 41.748336
31.2859 30.0771
-0.306 43.41
33.2065 87.5346
106.6760031 -6.3386998
106.6760031 -6.3386998
106.6760031 -6.3386998
106.6760031 -6.3386998
1.0 1.0
72.0 7.0
112.798573 -7.292957
4.0 3.0
25.0869752 60.2392843
12.0 55.0
15.0 49.0
8.5501068 47.4149355
8.5501068 47.4149355
-0.0840192 51.523377
23.7 46.3
-35.0 -5.0
9.750903 45.013407
180.0 180.0
180.0 180.0
180.0 180.0
180.0 180.0
180.0 180.0
180.0 180.0
180.0 180.0
180.0 180.0
77.6516985 12.9694209
-6.287553 36.539957
77.6516985 12.9694209
19.0423536 47.4598977
-49.3262647 -25.2059091
9.615377 45.767689
-44.2829046 -2.5391099
121.3 23.05
11.2 46.583333
-88.518973 43.251887
-70.959777 43.786934
-72.200067 7.793784
-97.136768 49.88794
180.0 180.0
180.0 180.0
180.0 180.0
180.0 180.0
180.0 180.0
180.0 180.0
180.0 180.0
180.0 180.0
180.0 180.0
180.0 180.0
-3.6952371 40.4882563
-90.513974 14.6564
-43.2075 -22.90278
106.664329 10.80909
112.671922 -7.897142
6.03945 51.3606
172.6608 -43.49707
5.486927 51.392483
12.376667 51.280278
-58.5252439 -34.5030283
-46.74 -23.6
-121.9437789917 37.1066356351
-47.061369 -22.870744
180.0 180.0
180.0 180.0
180.0 180.0
180.0 180.0
180.0 180.0
180.0 180.0
180.0 180.0
180.0 180.0
149.0 -35.0
21.152 51.423
16.929 52.4444333
-79.895 46.363
-78.6389 35.7806
12.544995 55.641682
13.4432667 50.5036107
5.668992 51.978309
-85.5774664 44.7582232
180.0 180.0
180.0 180.0
180.0 180.0
180.0 180.0
180.0 180.0
180.0 180.0
180.0 180.0
180.0 180.0
180.0 180.0
180.0 180.0
-83.9090019 9.8540783
131.226251 25.842296
34.55 51.44
4.472275 51.924886
-119.149763 34.19972
-105.2250729 40.0190515
100.7268293 13.7612202
10.55 59.89
109.34 -7.41
-87.821931 42.085854
-87.543701 33.216509
-90.302194 38.656307
2.1892366 41.4097037
-99.23906 19.52349
-79.83333 43.25
100.379008 13.610864
73.856255 18.516726
77.5999 12.5678
4.76631 52.461906
103.5147736 14.8682338
14.521491 40.9231428
-1.221026 51.764862
-43.4582873 -22.7147016066
77.5667 12.9667
-90.0098 38.8457
7.016511 51.274753
24.042083 35.51925
180.0 180.0
180.0 180.0
180.0 180.0
180.0 180.0
180.0 180.0
180.0 180.0
180.0 180.0
180.0 180.0
180.0 180.0
30.21859 59.82832
30.21863 59.8282
30.2186 59.82827
-5.83 54.46
-118.085899 34.125104
27.9234489 43.2098484
75.83078056 30.88904789
100.196382 16.74451
72.85 19.12
99.894486 13.789582
29.91694 40.76694
174.74 0.0
13.0 46.0
-70.33717 -33.43685
106.831055 -6.386613
-75.84751 8.802719
2.054005 41.389491
-54.604012 -20.144981
123.36 48.43
-0.567789 34.34455
30.427 40.7874
-48.0622 -15.7992
-75.850763 8.805056
-76.8333515 40.2996444
180.0 180.0
180.0 180.0
180.0 180.0
180.0 180.0
180.0 180.0
180.0 180.0
180.0 180.0
180.0 180.0
180.0 180.0
180.0 180.0
-70.5167 19.3833
-54.74078 -2.419636
-1.763162 53.791811
8.0 51.0
-6.201917 36.538179
-5.9911 37.3872
-5.9911 37.3872
-5.9911 37.3872
99.8593968 19.9066146
145.248885 -37.7750179
-72.0 7.920477
29.91694 40.76694
4.3578442 51.9926971
3.952285 50.454614
40.129693 37.917993
5.3171092272 60.3854551014
1.26 52.37
-72.273269 43.722297
76.986673 11.078568
-89.573649 20.988863
74.372567 31.509626
58.0 34.0
-34.83043 -7.929666
-68.868152 -32.951711
-6.076807 37.384976
6.911253 47.062028
20.970559 52.239968
-0.722337 48.711745
-46.676558 -23.59796
-0.4319 53.723805
4.3646671 52.0087847
-75.579029 6.238147
180.0 180.0
180.0 180.0
180.0 180.0
180.0 180.0
180.0 180.0
180.0 180.0
180.0 180.0
180.0 180.0
180.0 180.0
180.0 180.0
127.125825 37.34091
8.5339937214 48.9405110427
-76.4817 44.23548
21.830278 51.713889
-121.8843957783 37.7986779043
75.935009 11.319641
-47.0521903 -22.83230845
121.5731467 25.0834822
18.515624 46.295281
24.96807 102.66606
19.84 50.06
13.0 51.0
2.2749985 48.8183684
23.6801593 38.0310626
24.76945 42.16023
-77.428 38.842
44.0 0.0
-2.469698 53.285165
21.4469004 41.9792418
-43.9644296 -19.8686311
-73.989687 40.741281
5.391155 43.274514
22.5253756 40.7629659
120.9965502 24.8017136
-46.659789 -23.509054
25.456017 65.057245
-54.104743 -31.340678
24.76945 42.16023
77.777444 11.225879
17.85 48.67
-6.1176853 36.710439
25.496305 65.015583
30.3 50.27
180.0 180.0
180.0 180.0
180.0 180.0
180.0 180.0
180.0 180.0
180.0 180.0
180.0 180.0
180.0 180.0
180.0 180.0
180.0 180.0
-72.9417 40.7569
77.608433 13.029512
-6.274731 36.504231
-6.201696 36.462345
2.6325881481 39.5704642765
-57.920268 -31.285393
10.8459765 60.1075706
-51.512 -29.175
-2.463954 36.841651
-54.104743 -31.340678
106.8273 -6.3650592
100.489665 13.685805
120.328186 22.59124
11.323544 50.979492
28.018146 45.457279
10.74332 59.61046
73.68 24.58
-118.5470921 34.4256324
180.0 180.0
180.0 180.0
180.0 180.0
180.0 180.0
180.0 180.0
180.0 180.0
180.0 180.0
180.0 180.0
180.0 180.0
180.0 180.0
19.240357 42.443084
31.0 30.0
80.2523 13.0437
30.0 50.0
120.982024 23.973875
25.307011 46.311006
108.869263 34.235451
-57.956277 -34.91955
28.0456 -26.2044
17.8811661 49.2192586
-4.7174 50.3637
17.49971 54.168525
19.568 50.261
-2.04167 54.7708
103.8 1.3
-54.0 -31.340678
-77.0862955 -12.0543365
106.6760031 -6.3386998
102.8636143 16.428765
-0.363855 43.314501
15.529772 51.9412306
-1.708204 37.662007
19.1996025 47.5102038
-1.890401 52.486243
10.79774 59.78905
120.639627 24.151917
98.76625 18.3721185
67.01 24.86
-0.363855 43.314501
77.5657 12.9416
57.05 30.0
100.233 5.4
108.5635869 11.8843716
-0.1275 51.5072
42.224 47.5387
-90.1195414 29.939874
-71.351792 42.299643
106.6760031 -6.3386998
106.6760031 -6.3386998
106.6760031 -6.3386998
106.6760031 -6.3386998
106.6760031 -6.3386998
106.6760031 -6.3386998
106.6760031 -6.3386998
106.6760031 -6.3386998
106.6760031 -6.3386998
106.6760031 -6.3386998
7.819284 45.00594
5.2667 43.5167
77.0 12.0
-6.302671 36.534257
-71.358953 42.299643
-6.1317062 36.6833392
-5.4524228 36.1353392
-6.2037668 36.5372631
11.0 45.0
20.959391 52.322862
148.0 40.0
-79.4440417 43.6639844
76.65531 12.31426
0.149 52.35
19.9062866 47.5001845
-6.351687 36.782777
103.568336 17.268639
100.535837 13.727999
104.756528 17.385973
12.955011 58.262978
-3.835316 40.2928109
-0.925947 51.461232
180.0 180.0
180.0 180.0
180.0 180.0
180.0 180.0
180.0 180.0
180.0 180.0
180.0 180.0
180.0 180.0
180.0 180.0
180.0 180.0
9.0 48.0
4.363695 52.003319
0.142981417 52.1950929341
13.7434 51.0545
1.2398863 52.0613879
20.01424 50.094525
-100.244359 25.66566
-100.244359 25.66566
-100.244359 25.66566
126.657539 37.450402
80.218384 6.0334009
28.1350739 61.0496081
88.468373 22.622855
-6.3145706955 36.7924388649
-6.0 36.0
-48.0 -21.0
-100.289073 25.666179
-85.5774664 44.7582232
100.4783231 5.167945
25.344268 65.113525
180.0 180.0
180.0 180.0
180.0 180.0
180.0 180.0
180.0 180.0
180.0 180.0
180.0 180.0
180.0 180.0
180.0 180.0
180.0 180.0
10.482089 51.959715
14.4834078 53.4935906294
-78.272724 42.862057
-113.89933777 53.55370331
-113.89933777 53.55370331
20.6541738 52.0723083
-3.322632 52.518238
-3.853535 43.4582
180.0 180.0
180.0 180.0
180.0 180.0
180.0 180.0
180.0 180.0
180.0 180.0
180.0 180.0
180.0 180.0
180.0 180.0
180.0 180.0
180.0 180.0
180.0 180.0
180.0 180.0
180.0 180.0
180.0 180.0
180.0 180.0
180.0 180.0
180.0 180.0
180.0 180.0
98.955253 18.810667
-3.4579 42.7247
144.994358 -37.841993
127.125825 37.34091
18.769 42.425
-98.6 29.5
30.599435 50.446157
-3.356308 37.455849
26.752299 47.7307407
144.97981 -38.325157
121.24 24.95
26.775966 58.328129
-80.226439 25.788969
-122.5593741 45.4863921
16.35 81.05
81.05 16.35
180.0 180.0
180.0 180.0
180.0 180.0
180.0 180.0
180.0 180.0
180.0 180.0
180.0 180.0
180.0 180.0
180.0 180.0
180.0 180.0
25.316387 42.888673
180.0 180.0
86.1981539 22.8066132
-85.826437 42.1549
-75.598569 45.083539
106.245455 20.633127
12.937155 55.523629
180.0 180.0
180.0 180.0
180.0 180.0
180.0 180.0
180.0 180.0
180.0 180.0
180.0 180.0
180.0 180.0
180.0 180.0
180.0 180.0
73.0 18.0
18.2398982 46.1928739
-1.070951 38.007935
7.092468 50.737879
110.2217865 -7.9879223
29.004977 41.058278
26.752299 47.7307407
101.496809 3.07077
76.0 12.0
0.395162 51.444257
13.0 55.0
175.2857791 -40.4725002
180.0 180.0
180.0 180.0
180.0 180.0
180.0 180.0
180.0 180.0
180.0 180.0
180.0 180.0
180.0 180.0
180.0 180.0
101.496798 3.070497
11.1160562 46.0835428
-67.40901 26.06455
-74.02620077 40.74459088
16.950693 52.457667
10.248374 56.23512
-79.89501 46.36366
-100.289223 25.666258
-100.0483 20.6195
106.589717 -6.231482
6.8906064 52.223457
18.769 42.425
2.182219 41.385741
12.8611794 42.4030563
-8.63772 42.80181
-43.1753638 -22.9541412
34.038739 41.01854
-4.132 52.931
-7.007922 38.88625
98.95514 18.810525
77.580643 12.972442
-74.0 4.5666
17.08042 52.39725
180.0 180.0
180.0 180.0
180.0 180.0
180.0 180.0
180.0 180.0
180.0 180.0
180.0 180.0
180.0 180.0
180.0 180.0
180.0 180.0
2.9 41.11
0.0 26.07
-105.0810924 40.3083174
106.7025279 10.7111383
35.444738 38.73663
19.2399197817 42.4434191643
17.49971 54.168525
-40.3000080585 -6.0018532297
-40.1168560982 -5.6221721365
-122.0 45.0
78.398938 17.411287
100.494514 5.15147
36.8167 -1.2833
-4.78 56.0
-8.4145843 43.3612369
-70.625 41.7378
17.217877 51.145738
-71.3405571 42.3616979
4.9077414 52.3409792
112.6149506 -7.953678
19.2342120409 42.4403234307
-79.907 43.266
7.76888888 45.14111111
-97.690873 30.501677
79.8995894 6.7968823
-0.722337 48.711745
19.242 42.445
-58.48 -34.6
-46.7333438 -23.5585
-79.7922222 36.0725
-3.70256 40.4165
13.52263 49.86682
180.0 180.0
180.0 180.0
180.0 180.0
180.0 180.0
180.0 180.0
180.0 180.0
180.0 180.0
2.180508 41.42433
122.9082384 9.8245918
76.28 9.97
76.9725 11.0183
153.1112744 -27.4810835
138.524451 -34.852092
17.283265 49.576042
180.0 180.0
180.0 180.0
180.0 180.0
180.0 180.0
180.0 180.0
180.0 180.0
180.0 180.0
180.0 180.0
180.0 180.0
180.0 180.0
100.4833 13.75
-78.846982 38.434594
4.563508 51.916943
73.42 41.09
20.683442 52.072877
22.3816690705 60.4041844706
37.472988 55.568162
-4.136178 55.938564
24.3246333 60.3292085
-105.10438 39.56482
107.577662 -6.9133373
107.577626 -6.913538
180.0 180.0
180.0 180.0
180.0 180.0
180.0 180.0
180.0 180.0
180.0 180.0
180.0 180.0
180.0 180.0
180.0 180.0
180.0 180.0
34.804032 32.111447
24.76945 42.16023
76.660041 9.507833
37.416161 55.858898
-88.6925 32.3119444
180.0 180.0
180.0 180.0
180.0 180.0
180.0 180.0
180.0 180.0
180.0 180.0
180.0 180.0
180.0 180.0
180.0 180.0
180.0 180.0
180.0 180.0
121.479354 25.009856
19.745109 46.496437
19.24039 42.443246
18.743969 42.4858
-3.835316 40.2928109
67.1105492 24.9324055
67.112706 24.932615
67.126395 25.016709
67.038032 24.914085
67.015878 24.912147
67.13497 24.930443
67.137623 24.905296
67.05194 24.860748
67.13115 24.942302
80.203617 12.836062
18.2746016 59.4807337
112.671922 -7.897142
-95.491956 30.024007
140.5155 -20.7048888889
19.82375 45.01047
45.0 0.0
14.475 50.771901
12.2979088 45.199169
18.2746016 59.4807337
0.3685 51.4415
20.638876 48.070469
27.210704 35.504838
600.0 700.0
-73.5539925 45.5086699
27.979605 -26.085548
106.802991 -6.363834
119.519611 39.907678
112.760968 -7.296485
-6.203842 36.524711
-6.217763 36.567275
17.08042 52.39725
120.300668 22.710005
-0.41974 51.109207
5.4563963 51.1853415
67.0508185 24.8871202
-75.369884 40.042243
77.281853 28.451511
23.811066 44.317394
-40.0 -20.0
-0.1275 51.5072
23.923236 44.239106
-7.27 40.53
-57.950602 -34.926629
10.010435 55.707456
0.2333 43.8
-2.0 51.0
112.671922 -7.897142
106.6407321 -6.3049734
180.0 180.0
100.2589 16.8259
106.245455 20.633127
23.811066 44.317394
-115.437702 32.636004
-58.4660965 -34.5640263
-146.908541 64.449959
67.0490504 24.9786336
106.245455 20.633127
67.128896 24.883873
67.056859 24.885196
67.074961 24.853454
77.209 28.6139
9.1901063919 45.459731296
9.1901063919 45.459731296
-6.2153164 36.5328382
26.636192 38.31628
-64.32123 -23.134149
67.116668 24.939768
-4.131111 52.931111
11.99 51.48
35.193395 31.762475
110.2217865 -7.9879223
110.2217865 -7.9879223
110.2217865 -7.9879223
110.2217865 -7.9879223
110.2217865 -7.9879223
110.2217865 -7.9879223
67.105478 24.948913
-0.330527 51.509896
97.9403455 18.2075034
67.051636 24.892715
66.997198 24.950578
-7.5726885 41.1403456
67.075231 24.855618
120.982024 23.973875
18.09818 59.303493
67.103068 24.921616
67.075231 24.855618
-4.386531 55.878791
67.1880571 24.8789478
67.0760756 24.936692
32.42993 34.8432956878
180.0 180.0
180.0 180.0
180.0 180.0
180.0 180.0
180.0 180.0
180.0 180.0
180.0 180.0
77.209 28.6139
67.1304989 24.9262948
67.1689231 24.8959179
27.924 62.297
67.06837 24.9648563
15.3482681 50.4446892
67.1224195 24.9192606
6.929483 52.808933
77.3059333 28.5452688
67.186066 24.898823
20.3306937 53.0951064
77.32 28.57
83.7382 53.3536
20.534457 44.545092
67.1625 24.8806
17.07 48.09
-83.373339 42.5678534
-58.5146389 -34.5512388
112.75083 -7.24917
120.15904784 22.9876122
77.8531202 9.524684
77.8553089 9.5246787
180.0 180.0
180.0 180.0
180.0 180.0
180.0 180.0
180.0 180.0
180.0 180.0
180.0 180.0
180.0 180.0
180.0 180.0
180.0 180.0
67.077676 24.854211
149.704174 -36.777273
77.557943 12.922152
67.0602807 24.913018
8.650626 49.814599
12.532106 44.082148
15.006049 46.130446
6.952778 50.936389
24.76945 42.16023
180.0 180.0
180.0 180.0
180.0 180.0
180.0 180.0
180.0 180.0
180.0 180.0
180.0 180.0
180.0 180.0
180.0 180.0
180.0 180.0
78.486671 17.385044
78.486671 17.385044
21.247 48.716
78.486671 17.385044
20.48335 46.22264
-123.841634 44.3888015
8.7643 49.4123
4.500833333 51.9625
-90.49466 41.58737
24.75294 42.1337
25.9683618 43.8429163
-123.841634 44.3888015
19.30057213 51.40282965
67.1625 24.8806
67.076101 24.941874
180.0 180.0
180.0 180.0
180.0 180.0
180.0 180.0
180.0 180.0
180.0 180.0
180.0 180.0
180.0 180.0
180.0 180.0
180.0 180.0
-73.8 40.91
67.0643315 24.9280803
100.5018 13.7563
67.083057 24.913528
107.5162442168 -6.8581120465
24.75294 42.1337
67.0759951 24.9368959
-123.841634 44.3888015
-123.841634 44.3888015
121.452122 25.173926
67.06837 24.9648563
67.078201 24.910678
9.091124 45.800879
17.79365 59.46783
67.1000775 24.8890541
7.819284 45.00594
-70.623821 -33.43136
180.0 180.0
180.0 180.0
180.0 180.0
180.0 180.0
180.0 180.0
180.0 180.0
180.0 180.0
180.0 180.0
180.0 180.0
180.0 180.0
-107.7406 -6.91993
67.048143 24.923385
121.537513 25.062221
76.9725 11.0183
-21.866917 64.112533
-0.8208 53.9299
11.6049099 57.8937669
24.728769 121.756129
67.0 24.0
-0.6731566787 38.5933907912
67.018428 24.860855
-4.386874 55.878791
7.766292 45.008237
-93.25039 44.98923
16.950693 52.457667
-75.970984 40.441564
67.0851832 24.8502479
-4.0593355 43.3444484
-79.875928 -2.2508929
-75.6964639 4.8176389
-75.69703 4.817941
-75.6966793 4.8168514
150.8631556 -33.7447881
28.364108 37.216863
78.5333 17.8167
-4.386874 55.878791
12.544 42.61
-83.189 40.165
110.35556 -7.71556
-117.96808 33.874883
14.605249 46.219155
18.74 49.22
180.0 180.0
180.0 180.0
180.0 180.0
180.0 180.0
180.0 180.0
180.0 180.0
180.0 180.0
180.0 180.0
180.0 180.0
180.0 180.0
78.5414 17.4192
78.5414 17.4192
21.247 48.716
67.137376 24.938096
67.026738 24.876667
78.486671 17.385044
78.486671 99999.9999999999
67.06837 24.9648563
67.07241 25.021099
7.44 51.5
54.541284 57.012562
15.070889 50.761976
-5.0 43.0
-103.1893318 34.4347857
-122.216941 37.80748
121.537513 25.062221
67.033333 24.916667
100.5018 13.7563
15.08062 58.925249
180.0 180.0
180.0 180.0
180.0 180.0
180.0 180.0
180.0 180.0
180.0 180.0
180.0 180.0
180.0 180.0
180.0 180.0
180.0 180.0
180.0 180.0
180.0 180.0
180.0 180.0
180.0 180.0
180.0 180.0
180.0 180.0
180.0 180.0
180.0 180.0
180.0 180.0
180.0 180.0
180.0 180.0
-118.6058 34.15222
24.76945 42.16023
8.68567 48.34334
66.997198 24.950578
121.424513 24.999096
67.0280609 24.893379
-80.0 41.0
-43.313759 -22.847386
-78.5 -0.161
-80.22 40.5
18.763883 46.318467
-44.240072 -2.507405
-74.08 4.63
67.0 24.0
-8.340197 41.20619
18.141682 59.2293
-1.0833 51.2667
19.093611 42.113056
23.43 37.58
180.0 180.0
180.0 180.0
180.0 180.0
180.0 180.0
180.0 180.0
180.0 180.0
180.0 180.0
180.0 180.0
180.0 180.0
180.0 180.0
16.6255533 49.1748142
100.5232708 13.7417437
180.0 180.0
180.0 180.0
180.0 180.0
180.0 180.0
180.0 180.0
180.0 180.0
180.0 180.0
180.0 180.0
180.0 180.0
-20.65 64.45
67.075861 24.93683
12.000383333 57.71005
17.05815449 51.11014831
27.9185618 43.2118746
67.112706 24.932615
10.0 50.0
10.019495 53.605975
-43.9722899 -19.9070743
82.9043201 55.0554646
67.102523 24.922274
18.6938889 45.551
107.619528 -6.885934
6.952778 50.936389
114.127483 22.347909
180.0 180.0
180.0 180.0
180.0 180.0
180.0 180.0
180.0 180.0
180.0 180.0
180.0 180.0
144.9775118 -37.8430934
51.0 51.0
121.0 31.0
28.0 77.0
30.9754 52.4345
-1.096784 38.019907
6.1643051 53.1872937
67.0956356 24.9428969
5.069197 51.517363
-72.15051 -36.622781
-72.15051 -36.622781
-1.2211866 51.7649287
-1.220349 51.764914
23.729543 38.022032
-8.544799 42.87164
-76.5290233 3.394219
22.294121 48.622499
-43.313759 -22.847386
-74.07 4.6
22.870258 47.783036
-82.36 27.713
22.870258 47.783036
-70.693501 -33.461168
24.76945 42.16023
-84.4069911 39.1919525
-121.259279 38.651254
106.664329 10.80909
88.3667 22.5667
17.07 48.09
72.8448 19.018
-104.918087 40.329162
-104.918087 40.329162
53.155 56.825
12.68038 48.91416
-0.77478 44.838049
73.2 22.3
22.592609 46.176517
8.715436 47.5045
1.090523 52.199015
-77.6611 39.9375
20.929981 52.285862
8.052 49.5072
7.3277252913 48.1583958812
180.0 180.0
180.0 180.0
180.0 180.0
180.0 180.0
180.0 180.0
180.0 180.0
180.0 180.0
180.0 180.0
180.0 180.0
180.0 180.0
25.37404442 50.76685033
-3.736338 40.3029524
67.102219 24.912939
103.746295 1.3786759
100.070885 9.53965
14.64121 56.86884
24.7087037 42.8927895
4.563508 51.916943
-21.879413 63.190204
16.573237 40.681197
67.0592313 24.9133795
19.01 49.83
-0.1275 51.5072
-1.131888 50.806688
14.450699 46.071708
98.367709 7.883213
73.008502 19.037128
15.450911 53.154375
-58.455656 -34.625981
14.392387 50.102656
11.0 51.0
180.0 180.0
30.603838 50.512312
106.8115158 -6.3225498
-71.649536 -33.044529
-58.3706486 -34.603578
21.52955 55.3326
-78.4887136 -0.1525609
-71.609457 -33.050581
100.493779 13.652552
30.9754 52.4345
67.092843 24.921303
-112.064613 41.140036
146.76 -19.32
-71.628 42.3251
68.26343581 25.40727736
111.0 111.0
19.959087 53.691316
27.9234489 43.2098484
-71.649536 -33.044529
9.0 48.0
22.308959 48.129662
-0.5847244 51.319925
19.5 47.3
15.1604167 61.7441833
12.4852147 55.8729429
36.788576 -1.2987187
36.788576 -1.2987187
36.788576 -1.2987187
36.788576 -1.2987187
36.788576 -1.2987187
36.788576 -1.2987187
36.788576 -1.2987187
36.788576 -1.2987187
36.788576 -1.2987187
36.788576 -1.2987187
-0.01 51.0
43.0 41.4
-118.445205 34.069858
9.70333 45.16277
32.0 39.0
18.0466883 49.9886917
8.5521188 47.36163
-70.5957 41.7476
121.698345 25.075559
8.7408778 49.9803065
20.411515 45.391795
14.64121 56.86884
-45.040644 -22.12506
20.0149715 50.0978478
2.0194444444 41.3158333333
120.731058 24.112368
11.44662201 48.12040361
73.8567437 18.5204303
11.979551 57.687375
11.979551 57.687375
11.979551 57.687375
0.0 200.0
110.429436 -6.98659
67.112706 24.932615
78.5597527 17.4360955
25.121416 64.646443
4.06577 48.26981
100.523186 13.736717
90.382374 23.793456
77.2 28.61
76.7794179 30.7333148
-5.986835 37.39362
10.55828953 52.31895065
-3.45887 56.07156
79.8428 6.9344
39.8385 57.582981
-78.5114 0.239
-58.505159 -34.642062
146.53 -18.23
-71.350525 42.299676
0.0 0.236
2.96098 51.22126
-71.8108028 42.275102
21.180695 64.711514
39.8385 57.582981
6.39455 52.583147
-38.965201 -12.255317
-71.2078324 42.321764
12.9167 50.8333
23.875833 38.034444
68.26302543 25.40724586
2.7386 49.3652
19.93658 50.06143
23.811066 44.317394
73.069494 19.17332
18.903732 65.236319
18.643656 45.808987
57.496745 -20.235255
0.336 51.755
-1.890401 52.486243
81.6979992 17.0128147
81.6979992 17.0128147
81.144426 16.257928
18.903732 65.236319
67.143204 24.922823
-70.625 41.7377
28.0653 -26.0353
23.74295 38.02309
15.6716764 50.0726286
146.36 -18.36
67.152054 24.8825124
67.2166667 24.95
-0.1513377 51.45795
5.32 62.01
67.0280609 24.893379
12.85 49.315
-2.128705 51.364573
11.3387 44.4938
6.0707211 52.6384146
-0.1275 51.5072
-84.0 10.0
11.96 47.95
11.985377 48.31694
-0.8786 51.19195
37.619899 55.7537
8.381667 49.935556
121.531853 25.04776
25.04776 121.531853
121.531853 25.04776
121.531853 25.04776
121.531853 25.04776
25.04776 121.531853
121.53057 25.028061
15.0 49.0
100.276839 16.8133531
104.8452973 15.2448042
100.493865 13.652502
100.410913 13.953567
67.066843 24.854893
100.0 13.0
30.2 59.6
81.7339 25.44
67.0333 24.9333
11.087846 49.467041
-49.6313693 -22.8837005
114.1881233 22.3055658
-54.0 -25.0
144.9629796 -37.8131869
19.0 47.0
-71.413642 -41.124307
-71.413642 -41.0
-71.413642 -41.124307
-71.4136 -41.1243
-71.413642 -41.124307
-71.41 -41.124307
-71.41351 -41.116796
-71.0 -41.0
-71.413642 -41.124307
-71.413642 -41.0
-71.413642 -41.124307
-71.4147657 -41.1177152
-1.532853 53.800747
11.96 47.95
72.8355 18.9398
-79.9678854 -2.1446323
232.0 1243.0
17.935755 59.449335
17.935755 59.449335
11.586361 50.927206
24.76945 42.16023
80.234761 13.0884933
107.619365 -6.886033
21.75423 48.37217
-68.8477574 -32.8936561
27.5415 53.93419
17.1690213 60.6722081
180.0 180.0
180.0 180.0
180.0 180.0
180.0 180.0
180.0 180.0
180.0 180.0
180.0 180.0
180.0 180.0
180.0 180.0
180.0 180.0
11.11245 49.349294
17.166633 48.1551
-7.4923618 40.2713257
114.1881233 22.3055658
2.3068195 48.870424
180.0 180.0
180.0 180.0
180.0 180.0
180.0 180.0
180.0 180.0
180.0 180.0
180.0 180.0
180.0 180.0
180.0 180.0
180.0 180.0
28.05 45.44
75.75755 13.037743
-0.3087833 51.42823
180.0 180.0
17.829 45.341
5.3878266 52.1561113
10.9987 45.4404
19.138819 49.972106
68.26327488 25.40721921
18.9323043 53.7263529
-123.841634 44.3888015
-123.841634 44.3888015
-65.5790316 -24.9870686
77.6769469 21.4337925
17.2238 45.593
77.1139984 13.3391677
72.822489 19.063594
174.760441 -36.858404
7.8212 44.42836
7.0 4.0
11.0 48.0167
-76.131848 45.9645
-76.8412226 41.0094411
105.51 21.1
14.8655042 56.908202
20.25488 48.116434
4.4939262 52.1603216
-71.3539877 42.2992089
26.14069104 38.31412582
-9.2291 38.77792
180.0 180.0
180.0 180.0
180.0 180.0
180.0 180.0
180.0 180.0
180.0 180.0
180.0 180.0
180.0 180.0
180.0 180.0
180.0 180.0
12.389172 43.1107009
5.494381 51.655705
90.432477 23.774418
50.0 100.0
24.76945 42.16023
8.451006 50.258004
16.9666667 52.4166667
4.4867 52.15019
7.559391 46.485529
-56.70564 -34.33805
-71.06 42.36
-0.142965 51.558519
-74.364291 41.260255
282.0 828.0
16.6131909 49.1920506
11.985377 48.31694
153.018 27.349
153.018 -27.349
75.565 26.843
4.7525639 45.6749
37.7034503 55.772635
-8.3127223 40.7989099
-1.281009 53.743639
80.216 12.825
7.5 45.067
18.790762 49.803151
-71.06 42.36
75.55 30.38
114.1881233 22.3055658
24.26748 43.45505
120.218 23.006
28.9167 47.0
-58.467308 -34.583236
7.43777 46.94843
60.617037 56.906626
-4.222 56.0528
-72.5420468 42.3602701
-58.3763023 -34.6259188
78.5414 17.4192
73.8567 18.5203
18.67948 45.556906
101.283037 13.214138
2.132 48.876
16.591299 49.223079
-1.425 50.94498
18.4051162 54.5774196
-71.350349 42.30008
19.0 47.0
15.552378 45.468116
24.0623 56.5656
78.2944107 17.4236396
77.5667 12.9667
78.2944107 17.4236396
78.2944107 17.4236396
77.609708 12.934291
23.811066 44.317394
-34.89644405 -7.178768052
-78.624198 -1.267711
12.0 45.0
-0.584868 51.320339
5.9666633676 52.2096684339
-35.24585733 -5.72174967
106.635495 10.831233
11.1401367 43.8441097
8.165334 44.003202
12.4852147 55.8729431
-5.849389 43.361914
180.0 180.0
14.40917 45.34306
139.40376 35.817931
20.0 52.0
121.5 25.0
7.583607 48.034838
6.207135 50.863548
27.877964 41.700103
100.0 20.0
-84.421005 42.728855
30.654932 46.301311
4.326518 50.49675
5.9666633676 52.2096684339
-122.258456 37.765022
14.2402 67.1812
99.0 18.0
17.198771 48.126922
-0.1275 51.5072
180.0 180.0
180.0 180.0
180.0 180.0
180.0 180.0
180.0 180.0
180.0 180.0
180.0 180.0
180.0 180.0
180.0 180.0
180.0 180.0
20.403862 54.000113
50.0 30.0
78.486671 17.385044
-63.284108 -33.179551
15.7712787 50.0270502
4.38334 52.03028
-46.515011 -23.675934
-71.8 42.2667
36.788576 -1.2987187
36.788576 -1.2987187
72.831061 21.17024
77.209 28.6139
78.2679571 17.4126274
101.066 14.86167
19.7 52.55
80.2628034 13.0991584
-46.5477586 -23.6724587
13.351924 49.728668
77.5667 12.9667
-117.9122 33.665
14.0 46.0
-71.35178 42.299596
101.253116 6.855922
23.811066 44.317394
-5.986835 37.39362
77.5667 12.966
180.0 180.0
180.0 180.0
180.0 180.0
180.0 180.0
180.0 180.0
180.0 180.0
180.0 180.0
180.0 180.0
180.0 180.0
180.0 180.0
4.219 51.997
11.96 47.95
-71.35178 42.299596
12.53035 50.1183089
47.0 25.0
-0.1275 51.5072
47.0 25.0
85.049801 56.474178
2.035 41.3458
-5.986835 37.39362
20.267888 46.656319
12.495762 55.873886
20.247346 46.662268
21.145929 79.039657
7.583607 48.034838
-1.4703 53.3836
-43.2675 -22.9086111
-78.624257 -1.267347
77.635741 13.027659
180.0 180.0
180.0 180.0
180.0 180.0
180.0 180.0
180.0 180.0
180.0 180.0
180.0 180.0
180.0 180.0
180.0 180.0
180.0 180.0
26.167792 44.415461
24.76945 42.16023
121.698345 25.075559
-46.6648111 -23.6038318
-38.3235 -3.4302
151.212957 -33.880893
78.385 17.5384
8.628237 45.354836
-75.0 4.0
100.079109 13.848671
-4.102516 37.317546
7.583607 48.034838
21.00725 52.221611
37.9597293 55.798522
-97.140121 32.646248
-2.411843 53.45198
53.45 54.4
14.626585 50.011268
139.422025 35.463734
13.026906 41.696049
4.563508 51.916943
14.803262 56.837494
9.1275 51.5072
77.5667 13.0
-6.2611946 36.4765574
-6.2606152 36.4758327
101.499539 3.071606
32.43 51.5072
1.131861 52.074404
-48.5878128 -17.7399916
10.077 49.129
80.6578 16.5068
180.0 180.0
180.0 180.0
180.0 180.0
180.0 180.0
180.0 180.0
180.0 180.0
180.0 180.0
180.0 180.0
180.0 180.0
180.0 180.0
60.0 57.0
51.1469 29.76
-111.8 41.077
100.0 100.0
-76.5 39.0
4.44722 52.01605
170.543 -45.886
-71.6906 41.8908
-88.689109 32.424847
78.48 17.37
-113.1416832 53.2741071
4.44722 52.01605
-91.2 30.42
-2.965573 53.405913
123.8974243 10.2940122
19.778367 50.279173
-46.684162 -23.613586
-107.0132669 39.223894
176.822682 -39.624628
12.4777 66.7611
-79.223683 -4.261134
-77.20527 38.925431
176.822682 -39.624628
176.822682 -39.624628
74.3686705 31.4896463
19.543 47.654
121.4979 25.0283
4.4204182 51.890704
2.15 48.89
-95.96638 36.12318
9.92573 59.89272955
4.5 51.25
10.958425 43.893198
150.0 62.0
49.105767 55.776831
78.5333 17.8167
146.300535 -36.360873
121.3 25.03
52.8333 10.33333
12.453269 41.846037
-47.066607 -22.8962865
100.512083 13.96392
11.0 50.0
74.3436 31.5497
8.5501068 47.4149355
16.3841655 56.946605
176.822682 -39.624628
112.7959711 -7.3122965
76.8814 8.5586
108.0 38.0
-147.8253255 64.8960916
109.337488 -7.428684
78.485493 13.626925
0.4333 51.9
17.093695 50.831425
121.5945073 25.0809956
3.0620368 50.6413561
-70.512507 -33.329202
14.7668401 40.6787396
180.0 180.0
180.0 180.0
180.0 180.0
180.0 180.0
180.0 180.0
180.0 180.0
180.0 180.0
180.0 180.0
180.0 180.0
180.0 180.0
13.43319 46.08962
6.1635527 48.703712
-1.5603052 47.2266759
7.2565874 43.7074738
-0.1275 51.5072
119.43273 -5.14767
78.3866276 17.512298
20.014298 48.386069
19.130303 47.4812134
6.56 50.56
-68.785596 -32.941804
80.1 13.12
2.9395 51.2245
-0.1275 51.5072
0.7015921 47.357699
37.470077 55.734071
121.535812 25.053315
23.154507 41.7839139
-46.669201 -23.646323
-55.898549 -27.374193
18.072277 47.165454
16.622776 49.17479
72.8414 19.0817
72.8414 19.0817
16.46829 43.510821
14.747689 45.954964
74.3436 31.5497
180.0 180.0
180.0 180.0
180.0 180.0
180.0 180.0
180.0 180.0
180.0 180.0
180.0 180.0
180.0 180.0
180.0 180.0
180.0 180.0
100.409864 13.671763
112.7965488 -7.3122216
76.815317 29.94727
-113.1416832 53.2741071
30.2152024 59.9531733
12.0 12.0
23.6302676 37.9292866
-87.95103 43.028
38.888123 47.208769
11.0 51.0
-78.012855202 40.4909608862
-2.15 53.6
34.4167 118.5064
151.21 -33.87
79.080101 21.164807
18.9321499 47.4535327
23.676109 38.038169
-0.722337 48.711745
73.057087 19.026355
-82.533781 43.266811
-60.0232158 -3.0946159
78.5602 17.4018
78.5602 17.4018
78.5602 17.4018
-90.51327 14.64072
25.455162 65.056396
78.0 17.0
5.9666633676 52.2096684339
5.9666633676 52.2096684339
16.978746 51.126335
30.329588 59.873227
24.574674 46.557806
-3.02125 52.932087
-8.434063 40.195483
-93.2529567 44.9896509
180.0 180.0
180.0 180.0
180.0 180.0
180.0 180.0
180.0 180.0
180.0 180.0
180.0 180.0
180.0 180.0
180.0 180.0
180.0 180.0
153.09 -26.55
78.232662 11.452727
78.5602 17.4018
78.6025 17.3974
114.05 22.51
78.5503 17.4833
80.153 12.8409
8.8167 47.1833
-60.47209 -32.07427
-117.16184 32.70656
-112.0 45.0
13.753382 51.109489
70.3 28.42
-0.76 52.04
-81.6968 38.369
150.91995 -31.11277
80.2496 13.0604
78.5602 17.4018
75.1353 15.3445
78.5602 17.4018
75.92 17.68
13.0 39.09
1.0 1.0
0.0 30.0
174.8799613 -41.2231123
101.5333 3.0833
-0.1275 51.5072
4.2728 51.93509
12.1009665 49.0056311
13.0 20.0
111.0 111.0
16.4710308 54.1491538
1.23883 52.55798
2.181321 48.877827
8.612998 45.450994
18.97422 50.28127
-88.3804791 43.0546525
-81.669555 41.147009
71.420535 51.126054
19.174113 47.399152
-0.310054 51.490662
7.761758 49.437726
9.240409 45.610831
36.7845329741 -1.2973684247
30.329588 59.873227
17.066771 51.301266
0.0 10.99999
76.987685 11.021752
13.8520525 44.8537878
174.7751333 -41.2897274
344.0 33.0
78.55 17.38
-86.6170308 30.4200708
121.5115437 24.9926762
120.67954 24.125533
16.978748 51.126337
21.02627352 52.18110738
-81.6 41.5
12.083903 57.924769
90.4235666 23.7967471
6.913808 51.405851
6.913808 51.405851
6.913808 51.405851
-52.2689567 -27.6419454613
80.64801508 16.506174
81.05 16.35
16.637502 49.205263
20.364697 60.341665
2.3068195 48.870424
118.320782 24.437074
-119.105004 35.347843
13.43319 46.08962
25.32855 37.446389
-85.637081 42.891376
174.760401 -36.845248
-38.5334809 -3.7438413
98.988666 18.791092
13.849528 44.89354
120.22537 23.024304
54.3667 24.4667
-2.985 53.405
77.209 28.6139
12.447622 41.787191
2.729835 48.84258
80.27 13.08784
12.6 41.8
16.12209892 52.31661987
-77.232369 38.927614
-34.870313 -8.060395
-73.1695695 7.0619464
77.5667 12.9667
80.2707 13.0827
78.2944107 17.4236396
8.0472 52.279
75.12385 15.3700683
37.577801 55.693719
-55.129981 -27.433356
132.355964 43.120308
-70.512507 -33.329202
173.422784 -41.599756
8.22 44.05
81.05 16.35
36.788576 -1.2987241
29.0031001 41.0453335
78.4537576 17.4292454
77.085 28.6575
8.4775443 53.327237
2.0 44.0
11.146 44.873
14.3625694513 45.7912869647
100.194261 16.754572
-87.792396 42.190671
78.3828109 17.5384295
73.8567 18.5203
6.453132 51.662211
8.59522 51.58079
75.581523 28.367238
-6.4145706955 36.8924388649
-78.4923972 -0.2020413
44.0 32.0
121.535822 25.053301
121.535832 25.053286
121.535827 25.053301
115.51 -31.57
78.479345 13.63022
106.6263 10.7568
54.3667 24.4667
51.3526437 35.7015761
75.581523 28.367238
121.503807 25.044381
80.658273 16.508706
3.112115 39.650895
12.381135 46.443859
77.69030278 12.93324246
107.629601 -6.975353
83.3956 18.1067
33.276987 54.14987
121.448357 31.226185
-3.7 40.41
106.735399 10.809698
4.3605 52.0095
121.448357 31.226185
79.96118 16.993338
55.4197 25.1317
37.621543 55.754674
-9.1562834 38.7563842
80.2488594 12.9958986
5.464348 51.428328
121.46946 25.003929
-0.127592 51.503407
72.6318313 23.1863333
4.0 50.0
37.577801 55.693719
18.359669 49.922535
112.734146 -7.265757
53.179762 56.87366
119.452041 -5.2902399
-79.401692 43.643137
69.2868121 41.3408447
77.37 12.57
-34.765 23.345
112.734146 -7.265757
17.07 48.09
77.5654458 13.0626198
-73.954542 40.690018
-73.954542 40.690018
30.57342 49.38304
-104.66 39.218
23.6801593 38.0310626
121.618446 24.006139
-122.0742550492 37.3204257397
121.618446 24.006139
-122.0768353343 37.3204684006
-122.0755344629 37.3215723102
-122.0764356852 37.321307816
-122.075920701 37.3221183598
18.5306 18.5306
6.736003 60.558586
112.734146 -7.265757
17.07 48.09
98.953384 18.811119
73.8533 18.5277
-0.1275 51.5072
8.59522 51.58079
80.0682 12.8463
127.0090423 37.5352509
-40.6335878 -9.301744
77.61362 12.881114
-71.077381 42.341197
2.448688 41.537721
119.452041 -5.2902399
0.0 0.0
